session_id,participant__id_in_session,participant__code,page_index,app_name,page_name,time_stamp,seconds_on_page,subsession_pk,auto_submitted
3,1,8mxdnghg,1,consent,Consent,1516281366,20,17,False
3,1,8mxdnghg,17,GoR_4,WaitForPartnersPage,1516281376,10,1,False
3,1,8mxdnghg,18,GoR_4,Introduction,1516281428,52,1,False
3,1,8mxdnghg,19,GoR_4,Guess,1516281442,14,1,False
3,1,8mxdnghg,20,GoR_4,ResultsWaitPage,1516281442,0,1,False
3,1,8mxdnghg,21,GoR_4,Results,1516281465,23,1,False
3,1,8mxdnghg,25,GoR_4,Guess,1516281470,5,2,False
3,1,8mxdnghg,26,GoR_4,ResultsWaitPage,1516281487,17,2,False
3,1,8mxdnghg,27,GoR_4,Results,1516281500,13,2,False
3,1,8mxdnghg,31,GoR_4,Guess,1516281512,12,3,False
3,1,8mxdnghg,32,GoR_4,ResultsWaitPage,1516281512,0,3,False
3,1,8mxdnghg,33,GoR_4,Results,1516281525,13,3,False
3,1,8mxdnghg,37,GoR_4,Guess,1516281535,10,4,False
3,1,8mxdnghg,38,GoR_4,ResultsWaitPage,1516281535,0,4,False
3,1,8mxdnghg,39,GoR_4,Results,1516281545,10,4,False
3,1,8mxdnghg,43,GoR_4,Guess,1516281551,6,5,False
3,1,8mxdnghg,44,GoR_4,ResultsWaitPage,1516281552,1,5,False
3,1,8mxdnghg,45,GoR_4,Results,1516281564,12,5,False
3,1,8mxdnghg,49,GoR_4,Guess,1516281571,7,6,False
3,1,8mxdnghg,50,GoR_4,ResultsWaitPage,1516281598,27,6,False
3,1,8mxdnghg,51,GoR_4,Results,1516281614,16,6,False
3,1,8mxdnghg,55,GoR_4,Guess,1516281621,7,7,False
3,1,8mxdnghg,56,GoR_4,ResultsWaitPage,1516281622,1,7,False
3,1,8mxdnghg,57,GoR_4,Results,1516281629,7,7,False
3,1,8mxdnghg,61,GoR_4,Guess,1516281636,7,8,False
3,1,8mxdnghg,62,GoR_4,ResultsWaitPage,1516281655,19,8,False
3,1,8mxdnghg,64,GoR_4,FinalResultsAndDebrief,1516281701,46,8,False
3,2,oek8d093,1,consent,Consent,1516281469,123,17,True
3,3,swuzcyqy,1,consent,Consent,1516281392,42,17,False
3,3,swuzcyqy,17,GoR_4,WaitForPartnersPage,1516281392,0,1,False
3,3,swuzcyqy,18,GoR_4,Introduction,1516281414,22,1,False
3,3,swuzcyqy,19,GoR_4,Guess,1516281420,6,1,False
3,3,swuzcyqy,20,GoR_4,ResultsWaitPage,1516281429,9,1,False
3,3,swuzcyqy,21,GoR_4,Results,1516281442,13,1,False
3,3,swuzcyqy,25,GoR_4,Guess,1516281447,5,2,False
3,3,swuzcyqy,26,GoR_4,ResultsWaitPage,1516281464,17,2,False
3,3,swuzcyqy,27,GoR_4,Results,1516281471,7,2,False
3,3,swuzcyqy,31,GoR_4,Guess,1516281477,6,3,False
3,3,swuzcyqy,32,GoR_4,ResultsWaitPage,1516281482,5,3,False
3,3,swuzcyqy,33,GoR_4,Results,1516281489,7,3,False
3,3,swuzcyqy,37,GoR_4,Guess,1516281493,4,4,False
3,3,swuzcyqy,38,GoR_4,ResultsWaitPage,1516281494,1,4,False
3,3,swuzcyqy,39,GoR_4,Results,1516281506,12,4,False
3,3,swuzcyqy,43,GoR_4,Guess,1516281512,6,5,False
3,3,swuzcyqy,44,GoR_4,ResultsWaitPage,1516281512,0,5,False
3,3,swuzcyqy,45,GoR_4,Results,1516281519,7,5,False
3,3,swuzcyqy,49,GoR_4,Guess,1516281524,5,6,False
3,3,swuzcyqy,50,GoR_4,ResultsWaitPage,1516281527,3,6,False
3,3,swuzcyqy,51,GoR_4,Results,1516281532,5,6,False
3,3,swuzcyqy,55,GoR_4,Guess,1516281535,3,7,False
3,3,swuzcyqy,56,GoR_4,ResultsWaitPage,1516281546,11,7,False
3,3,swuzcyqy,57,GoR_4,Results,1516281551,5,7,False
3,3,swuzcyqy,61,GoR_4,Guess,1516281556,5,8,False
3,3,swuzcyqy,62,GoR_4,ResultsWaitPage,1516281562,6,8,False
3,3,swuzcyqy,64,GoR_4,FinalResultsAndDebrief,1516281581,19,8,False
3,4,1zl672rl,1,consent,Consent,1516281380,30,17,False
3,4,1zl672rl,17,GoR_4,WaitForPartnersPage,1516281393,13,1,False
3,4,1zl672rl,18,GoR_4,Introduction,1516281424,31,1,False
3,4,1zl672rl,19,GoR_4,Guess,1516281429,5,1,False
3,4,1zl672rl,20,GoR_4,ResultsWaitPage,1516281429,0,1,False
3,4,1zl672rl,21,GoR_4,Results,1516281437,8,1,False
3,4,1zl672rl,25,GoR_4,Guess,1516281441,4,2,False
3,4,1zl672rl,26,GoR_4,ResultsWaitPage,1516281464,23,2,False
3,4,1zl672rl,27,GoR_4,Results,1516281475,11,2,False
3,4,1zl672rl,31,GoR_4,Guess,1516281481,6,3,False
3,4,1zl672rl,32,GoR_4,ResultsWaitPage,1516281482,1,3,False
3,4,1zl672rl,33,GoR_4,Results,1516281489,7,3,False
3,4,1zl672rl,37,GoR_4,Guess,1516281492,3,4,False
3,4,1zl672rl,38,GoR_4,ResultsWaitPage,1516281494,2,4,False
3,4,1zl672rl,39,GoR_4,Results,1516281499,5,4,False
3,4,1zl672rl,43,GoR_4,Guess,1516281502,3,5,False
3,4,1zl672rl,44,GoR_4,ResultsWaitPage,1516281512,10,5,False
3,4,1zl672rl,45,GoR_4,Results,1516281517,5,5,False
3,4,1zl672rl,49,GoR_4,Guess,1516281519,2,6,False
3,4,1zl672rl,50,GoR_4,ResultsWaitPage,1516281528,9,6,False
3,4,1zl672rl,51,GoR_4,Results,1516281542,14,6,False
3,4,1zl672rl,55,GoR_4,Guess,1516281546,4,7,False
3,4,1zl672rl,56,GoR_4,ResultsWaitPage,1516281546,0,7,False
3,4,1zl672rl,57,GoR_4,Results,1516281558,12,7,False
3,4,1zl672rl,61,GoR_4,Guess,1516281561,3,8,False
3,4,1zl672rl,62,GoR_4,ResultsWaitPage,1516281562,1,8,False
3,4,1zl672rl,64,GoR_4,FinalResultsAndDebrief,1516281600,38,8,False
3,5,hkmmglpr,1,consent,Consent,1516281388,38,17,False
3,5,hkmmglpr,17,GoR_4,WaitForPartnersPage,1516281393,5,1,False
3,5,hkmmglpr,18,GoR_4,Introduction,1516281419,26,1,False
3,5,hkmmglpr,19,GoR_4,Guess,1516281426,7,1,False
3,5,hkmmglpr,20,GoR_4,ResultsWaitPage,1516281429,3,1,False
3,5,hkmmglpr,21,GoR_4,Results,1516281448,19,1,False
3,5,hkmmglpr,25,GoR_4,Guess,1516281453,5,2,False
3,5,hkmmglpr,26,GoR_4,ResultsWaitPage,1516281464,11,2,False
3,5,hkmmglpr,27,GoR_4,Results,1516281472,8,2,False
3,5,hkmmglpr,31,GoR_4,Guess,1516281482,10,3,False
3,5,hkmmglpr,32,GoR_4,ResultsWaitPage,1516281482,0,3,False
3,5,hkmmglpr,33,GoR_4,Results,1516281488,6,3,False
3,5,hkmmglpr,37,GoR_4,Guess,1516281492,4,4,False
3,5,hkmmglpr,38,GoR_4,ResultsWaitPage,1516281494,2,4,False
3,5,hkmmglpr,39,GoR_4,Results,1516281501,7,4,False
3,5,hkmmglpr,43,GoR_4,Guess,1516281506,5,5,False
3,5,hkmmglpr,44,GoR_4,ResultsWaitPage,1516281512,6,5,False
3,5,hkmmglpr,45,GoR_4,Results,1516281523,11,5,False
3,5,hkmmglpr,49,GoR_4,Guess,1516281525,2,6,False
3,5,hkmmglpr,50,GoR_4,ResultsWaitPage,1516281528,3,6,False
3,5,hkmmglpr,51,GoR_4,Results,1516281535,7,6,False
3,5,hkmmglpr,55,GoR_4,Guess,1516281539,4,7,False
3,5,hkmmglpr,56,GoR_4,ResultsWaitPage,1516281546,7,7,False
3,5,hkmmglpr,57,GoR_4,Results,1516281554,8,7,False
3,5,hkmmglpr,61,GoR_4,Guess,1516281557,3,8,False
3,5,hkmmglpr,62,GoR_4,ResultsWaitPage,1516281562,5,8,False
3,5,hkmmglpr,64,GoR_4,FinalResultsAndDebrief,1516281603,41,8,False
3,6,5rd4efo7,1,consent,Consent,1516281376,25,17,False
3,6,5rd4efo7,17,GoR_4,WaitForPartnersPage,1516281376,0,1,False
3,6,5rd4efo7,18,GoR_4,Introduction,1516281405,29,1,False
3,6,5rd4efo7,19,GoR_4,Guess,1516281412,7,1,False
3,6,5rd4efo7,20,GoR_4,ResultsWaitPage,1516281443,31,1,False
3,6,5rd4efo7,21,GoR_4,Results,1516281482,39,1,False
3,6,5rd4efo7,25,GoR_4,Guess,1516281486,4,2,False
3,6,5rd4efo7,26,GoR_4,ResultsWaitPage,1516281486,0,2,False
3,6,5rd4efo7,27,GoR_4,Results,1516281493,7,2,False
3,6,5rd4efo7,31,GoR_4,Guess,1516281495,2,3,False
3,6,5rd4efo7,32,GoR_4,ResultsWaitPage,1516281512,17,3,False
3,6,5rd4efo7,33,GoR_4,Results,1516281525,13,3,False
3,6,5rd4efo7,37,GoR_4,Guess,1516281528,3,4,False
3,6,5rd4efo7,38,GoR_4,ResultsWaitPage,1516281535,7,4,False
3,6,5rd4efo7,39,GoR_4,Results,1516281543,8,4,False
3,6,5rd4efo7,43,GoR_4,Guess,1516281546,3,5,False
3,6,5rd4efo7,44,GoR_4,ResultsWaitPage,1516281552,6,5,False
3,6,5rd4efo7,45,GoR_4,Results,1516281559,7,5,False
3,6,5rd4efo7,49,GoR_4,Guess,1516281563,4,6,False
3,6,5rd4efo7,50,GoR_4,ResultsWaitPage,1516281598,35,6,False
3,6,5rd4efo7,51,GoR_4,Results,1516281610,12,6,False
3,6,5rd4efo7,55,GoR_4,Guess,1516281613,3,7,False
3,6,5rd4efo7,56,GoR_4,ResultsWaitPage,1516281622,9,7,False
3,6,5rd4efo7,57,GoR_4,Results,1516281627,5,7,False
3,6,5rd4efo7,61,GoR_4,Guess,1516281630,3,8,False
3,6,5rd4efo7,62,GoR_4,ResultsWaitPage,1516281655,25,8,False
3,6,5rd4efo7,64,GoR_4,FinalResultsAndDebrief,1516281698,43,8,False
3,7,ua4cah5g,1,consent,Consent,1516281391,38,17,False
3,7,ua4cah5g,17,GoR_4,WaitForPartnersPage,1516281393,2,1,False
3,7,ua4cah5g,18,GoR_4,Introduction,1516281401,8,1,False
3,7,ua4cah5g,19,GoR_4,Guess,1516281418,17,1,False
3,7,ua4cah5g,20,GoR_4,ResultsWaitPage,1516281429,11,1,False
3,7,ua4cah5g,21,GoR_4,Results,1516281449,20,1,False
3,7,ua4cah5g,25,GoR_4,Guess,1516281463,14,2,False
3,7,ua4cah5g,26,GoR_4,ResultsWaitPage,1516281463,0,2,False
3,7,ua4cah5g,27,GoR_4,Results,1516281473,10,2,False
3,7,ua4cah5g,31,GoR_4,Guess,1516281481,8,3,False
3,7,ua4cah5g,32,GoR_4,ResultsWaitPage,1516281483,2,3,False
3,7,ua4cah5g,33,GoR_4,Results,1516281487,4,3,False
3,7,ua4cah5g,37,GoR_4,Guess,1516281493,6,4,False
3,7,ua4cah5g,38,GoR_4,ResultsWaitPage,1516281494,1,4,False
3,7,ua4cah5g,39,GoR_4,Results,1516281503,9,4,False
3,7,ua4cah5g,43,GoR_4,Guess,1516281506,3,5,False
3,7,ua4cah5g,44,GoR_4,ResultsWaitPage,1516281512,6,5,False
3,7,ua4cah5g,45,GoR_4,Results,1516281523,11,5,False
3,7,ua4cah5g,49,GoR_4,Guess,1516281527,4,6,False
3,7,ua4cah5g,50,GoR_4,ResultsWaitPage,1516281527,0,6,False
3,7,ua4cah5g,51,GoR_4,Results,1516281536,9,6,False
3,7,ua4cah5g,55,GoR_4,Guess,1516281541,5,7,False
3,7,ua4cah5g,56,GoR_4,ResultsWaitPage,1516281546,5,7,False
3,7,ua4cah5g,57,GoR_4,Results,1516281555,9,7,False
3,7,ua4cah5g,61,GoR_4,Guess,1516281559,4,8,False
3,7,ua4cah5g,62,GoR_4,ResultsWaitPage,1516281562,3,8,False
3,7,ua4cah5g,64,GoR_4,FinalResultsAndDebrief,1516281605,43,8,False
3,8,iv8fqb77,1,consent,Consent,1516281374,19,17,False
3,8,iv8fqb77,17,GoR_4,WaitForPartnersPage,1516281376,2,1,False
3,8,iv8fqb77,18,GoR_4,Introduction,1516281397,21,1,False
3,8,iv8fqb77,19,GoR_4,Guess,1516281403,6,1,False
3,8,iv8fqb77,20,GoR_4,ResultsWaitPage,1516281442,39,1,False
3,8,iv8fqb77,21,GoR_4,Results,1516281470,28,1,False
3,8,iv8fqb77,25,GoR_4,Guess,1516281476,6,2,False
3,8,iv8fqb77,26,GoR_4,ResultsWaitPage,1516281487,11,2,False
3,8,iv8fqb77,27,GoR_4,Results,1516281504,17,2,False
3,8,iv8fqb77,31,GoR_4,Guess,1516281511,7,3,False
3,8,iv8fqb77,32,GoR_4,ResultsWaitPage,1516281512,1,3,False
3,8,iv8fqb77,33,GoR_4,Results,1516281527,15,3,False
3,8,iv8fqb77,37,GoR_4,Guess,1516281535,8,4,False
3,8,iv8fqb77,38,GoR_4,ResultsWaitPage,1516281535,0,4,False
3,8,iv8fqb77,39,GoR_4,Results,1516281541,6,4,False
3,8,iv8fqb77,43,GoR_4,Guess,1516281545,4,5,False
3,8,iv8fqb77,44,GoR_4,ResultsWaitPage,1516281552,7,5,False
3,8,iv8fqb77,45,GoR_4,Results,1516281565,13,5,False
3,8,iv8fqb77,49,GoR_4,Guess,1516281598,33,6,False
3,8,iv8fqb77,50,GoR_4,ResultsWaitPage,1516281598,0,6,False
3,8,iv8fqb77,51,GoR_4,Results,1516281613,15,6,False
3,8,iv8fqb77,55,GoR_4,Guess,1516281622,9,7,False
3,8,iv8fqb77,56,GoR_4,ResultsWaitPage,1516281622,0,7,False
3,8,iv8fqb77,57,GoR_4,Results,1516281643,21,7,False
3,8,iv8fqb77,61,GoR_4,Guess,1516281655,12,8,False
3,8,iv8fqb77,62,GoR_4,ResultsWaitPage,1516281655,0,8,False
3,8,iv8fqb77,64,GoR_4,FinalResultsAndDebrief,1516281770,115,8,False
3,9,h7okm8qr,1,consent,Consent,1516281478,122,17,True
3,10,2l6rr9v8,1,consent,Consent,1516281365,9,17,False
3,10,2l6rr9v8,17,GoR_4,WaitForPartnersPage,1516281376,11,1,False
3,10,2l6rr9v8,18,GoR_4,Introduction,1516281389,13,1,False
3,10,2l6rr9v8,19,GoR_4,Guess,1516281393,4,1,False
3,10,2l6rr9v8,20,GoR_4,ResultsWaitPage,1516281442,49,1,False
3,10,2l6rr9v8,21,GoR_4,Results,1516281459,17,1,False
3,10,2l6rr9v8,25,GoR_4,Guess,1516281463,4,2,False
3,10,2l6rr9v8,26,GoR_4,ResultsWaitPage,1516281487,24,2,False
3,10,2l6rr9v8,27,GoR_4,Results,1516281495,8,2,False
3,10,2l6rr9v8,31,GoR_4,Guess,1516281499,4,3,False
3,10,2l6rr9v8,32,GoR_4,ResultsWaitPage,1516281512,13,3,False
3,10,2l6rr9v8,33,GoR_4,Results,1516281523,11,3,False
3,10,2l6rr9v8,37,GoR_4,Guess,1516281528,5,4,False
3,10,2l6rr9v8,38,GoR_4,ResultsWaitPage,1516281535,7,4,False
3,10,2l6rr9v8,39,GoR_4,Results,1516281540,5,4,False
3,10,2l6rr9v8,43,GoR_4,Guess,1516281544,4,5,False
3,10,2l6rr9v8,44,GoR_4,ResultsWaitPage,1516281552,8,5,False
3,10,2l6rr9v8,45,GoR_4,Results,1516281556,4,5,False
3,10,2l6rr9v8,49,GoR_4,Guess,1516281559,3,6,False
3,10,2l6rr9v8,50,GoR_4,ResultsWaitPage,1516281598,39,6,False
3,10,2l6rr9v8,51,GoR_4,Results,1516281606,8,6,False
3,10,2l6rr9v8,55,GoR_4,Guess,1516281610,4,7,False
3,10,2l6rr9v8,56,GoR_4,ResultsWaitPage,1516281622,12,7,False
3,10,2l6rr9v8,57,GoR_4,Results,1516281629,7,7,False
3,10,2l6rr9v8,61,GoR_4,Guess,1516281632,3,8,False
3,10,2l6rr9v8,62,GoR_4,ResultsWaitPage,1516281655,23,8,False
3,10,2l6rr9v8,64,GoR_4,FinalResultsAndDebrief,1516281675,20,8,False
3,11,7v7pvpm2,1,consent,Consent,1516281589,103,17,False
3,12,tam86qst,1,consent,Consent,1516281578,19,17,False
