,task,mturker,method,views,session,code,id,order,hist,guess,bonus,dots
0,ox,A29GLMZQNYAIT3,history,0,ha6r7s1x,w2qkp3e6,1,2,[],500.0,0.0,1233
3,ox,A30FCN88F8DZOT,history,0,ha6r7s1x,dui3xc89,4,3,[],1197.0,1.0,1233
12,ox,A3OCYH4BC5E9B4,history,0,ha6r7s1x,i3y093px,13,4,[],635.029209075656,0.0,1233
15,ox,A1V8SKL3ZX0HX1,history,0,ha6r7s1x,89wo9v0e,16,5,[],907.1845843937939,0.0,1233
17,ox,A27AK750Y9M9KH,history,0,ha6r7s1x,k96qi44c,18,7,[],362.873833757518,0.0,1233
18,ox,A2QSB0I231089,history,0,ha6r7s1x,driphyof,19,8,[],659.976785146485,0.0,1233
20,ox,A27FNYMS3DKPXI,history,0,ha6r7s1x,iw1l9qf1,21,9,[],660.0,0.0,1233
19,ox,A32IYSFNRLTVXD,history,0,ha6r7s1x,e3i7eig6,20,10,[],250.0,0.0,1233
23,ox,AR3KLO7WU84JJ,history,0,ha6r7s1x,kyiaywjp,24,11,[],1230.0,1.0,1233
24,ox,A2N8SNKVU4M1MB,history,0,ha6r7s1x,h2elfwnu,25,12,[],400.0,0.0,1233
25,ox,A3K5YOJ8USH6DN,history,0,ha6r7s1x,e7noauuz,26,13,[],600.0,0.0,1233
26,ox,AZ4OS53UFG7V0,history,0,ha6r7s1x,h29tnrok,27,14,[],453.1386999047,0.0,1233
29,ox,A1UX8EOTJR3A6X,history,0,ha6r7s1x,6q8pvw9j,30,16,[],2000.0,0.0,1233
30,ox,A1KJWOIPHVUI4P,history,0,ha6r7s1x,peft3pfr,31,17,[],362.873833757518,0.0,1233
31,ox,A39PWM9C4U0TEP,history,0,ha6r7s1x,atddz5ev,32,18,[],249.475760708293,0.0,1233
35,ox,A1941R1INABJ86,history,0,ha6r7s1x,bk2n54z5,36,19,[],725.7476675150349,0.0,1233
36,ox,A1RPTWY69MO4A,history,0,ha6r7s1x,hdkoq8ch,37,20,[],394.62529421130097,0.0,1233
40,ox,A1G0W1P43RTBKK,history,0,ha6r7s1x,q3f0dime,41,22,[],700.0,0.0,1233
42,ox,A39J7HS3JV8CN,history,0,ha6r7s1x,5l6bt5fh,43,24,[],544.310750636277,0.0,1233
43,ox,A1S5RUEOKHTRUM,history,0,ha6r7s1x,cjo40yw6,44,25,[],400.0,0.0,1233
44,ox,A3JVG39ZC5U3AE,history,0,ha6r7s1x,60mpn0bk,45,26,[],182.344101463153,0.0,1233
46,ox,A1YXA63F8FN0BX,history,0,ha6r7s1x,5ucng0sh,47,28,[],250.0,0.0,1233
47,ox,A38430CKSXSBLI,history,0,ha6r7s1x,7ggdxbf9,48,29,[],462.66413804083504,0.0,1233
50,ox,A1P1ZHZTQCHGEX,history,0,ha6r7s1x,t1yuc4a4,51,30,[],907.1845843937939,0.0,1233
51,ox,ABHIF83MBO0V2,history,0,ha6r7s1x,ynhqzaft,52,31,[],294.83498992798303,0.0,1233
52,ox,A278N0LVC3DDGY,history,0,ha6r7s1x,w8xywts6,53,32,[],544.310750636277,0.0,1233
54,ox,A2AMYX1J96G2JG,history,0,ha6r7s1x,5gt5bj0y,55,33,[],250.0,0.0,1233
55,ox,A3RGC0P0GID8KU,history,0,ha6r7s1x,lprhu8dj,56,34,[],635.029209075656,0.0,1233
56,ox,AYLOHFVGSGSYZ,history,0,ha6r7s1x,uu2csbm4,57,35,[],1200.0,1.0,1233
57,ox,A34DR0CVUBDL1N,history,0,ha6r7s1x,s086diu8,58,36,[],544.310750636277,0.0,1233
60,ox,A2I47038VNWZ4O,history,0,ha6r7s1x,mh0cv2yo,61,38,[],408.23306297720706,0.0,1233
62,ox,A35JQ3VLA4WBZC,history,0,ha6r7s1x,vhzxo63b,63,39,[],350.0,0.0,1233
63,ox,A1SIVXMB10MXNZ,history,0,ha6r7s1x,pkuar9el,64,40,[],544.310750636277,0.0,1233
64,ox,A394IKAAZT9KBX,history,0,ha6r7s1x,kg0djog5,65,41,[],400.0,0.0,1233
65,ox,AN57INCPKF4VL,history,0,ha6r7s1x,hjbijo0g,66,42,[],150.0,0.0,1233
66,ox,A1ZD8RU6YB0VEU,history,0,ha6r7s1x,fl0v9fr3,67,43,[],362.873833757518,0.0,1233
67,ox,A16JWNSNXUND2F,history,0,ha6r7s1x,dnliv2d1,68,44,[],1542.2137934694501,0.0,1233
68,ox,A3HZUGQQKOWKE2,history,0,ha6r7s1x,zjotfob0,69,45,[],544.310750636277,0.0,1233
69,ox,A2958TQAW43MP6,history,0,ha6r7s1x,qcwn0ogq,70,46,[],1500.0,0.0,1233
70,ox,A92G860MDBB7X,history,0,ha6r7s1x,e48zf3lt,71,47,[],390.089371289331,0.0,1233
71,ox,AICAC77VJ3ZDB,history,0,ha6r7s1x,rouzmi9q,72,48,[],557.918519402183,0.0,1233
73,ox,A1HA15VCWUJ6BI,history,0,ha6r7s1x,04wiy452,74,49,[],650.0,0.0,1233
72,ox,A35D31QHYQUF9V,history,0,ha6r7s1x,7srzqbc7,73,50,[],317.514604537828,0.0,1233
74,ox,A1YVSHISGIA6QX,history,0,ha6r7s1x,lguv9ror,75,51,[],700.0,0.0,1233
75,ox,A2UPD6CI6L9O88,history,0,ha6r7s1x,afxjqxku,76,52,[],362.873833757518,0.0,1233
76,ox,A3F8G26PENQ6EO,history,0,ha6r7s1x,xxr33umj,77,53,[],507.56977496832803,0.0,1233
77,ox,A2AOUFP2EEWIP1,history,0,ha6r7s1x,2vjpb37s,78,54,[],1300.0,1.0,1233
78,ox,A2UA2RPZE4J5D8,history,0,ha6r7s1x,b1ycwx31,79,55,[],907.1845843937939,0.0,1233
79,ox,AA1Q1AVAEW7G4,history,0,ha6r7s1x,fbyr4g1v,80,56,[],1100.0,0.0,1233
80,ox,A3IYDY7TO808Z3,history,0,ha6r7s1x,j14onxp2,81,57,[],362.873833757518,0.0,1233
81,ox,A121FRZFN86KC1,history,0,ha6r7s1x,b3hxb78b,82,58,[],235.86799194238702,0.0,1233
82,ox,A2WJT2WZ7A3C71,history,0,ha6r7s1x,nko2h73a,83,59,[],381.924710029787,0.0,1233
83,ox,A340UGIDGIF4W6,history,0,ha6r7s1x,5nyxjxgf,84,60,[],544.310750636277,0.0,1233
84,ox,A39YBLQYIUBR76,history,0,ha6r7s1x,x3t9l388,85,61,[],752.5096127546519,0.0,1233
88,ox,AJ0OW41ND7TRZ,history,0,ha6r7s1x,gt3y4ldn,89,62,[],544.310750636277,0.0,1233
89,ox,A3DLVA719SI93K,history,0,ha6r7s1x,p9o7tnj1,90,63,[],1250.0,1.0,1233
90,ox,ALYEON3R1GFKV,history,0,ha6r7s1x,fxoil6lr,91,64,[],408.23306297720706,0.0,1233
91,ox,A342W8LIOTLJGT,history,0,ha6r7s1x,tdkt7agw,92,65,[],544.310750636277,0.0,1233
93,ox,A386O2F9V6RGQ8,history,0,ha6r7s1x,r0s0flsr,94,66,[],180.0,0.0,1233
94,ox,A28S6TTII9JDNI,history,0,ha6r7s1x,tg84sv92,95,67,[],544.310750636277,0.0,1233
95,ox,AWKUOA7M4P8YI,history,0,ha6r7s1x,31662hva,96,68,[],544.310750636277,0.0,1233
96,ox,A3KYEREPRMOTS4,history,0,ha6r7s1x,5lnjjvds,97,69,[],362.873833757518,0.0,1233
98,ox,A12IIPF9MYF9CC,history,0,ha6r7s1x,tht8435m,99,70,[],224.528184637464,0.0,1233
100,ox,A1XQ9VRCDQ922Y,history,0,ha6r7s1x,h4s1y39h,101,72,[],589.6699798559661,0.0,1233
101,ox,A1L83QPES1MI2R,history,0,ha6r7s1x,nimfv5hi,102,73,[],500.0,0.0,1233
105,ox,A2O6EQQF2ISHSU,history,0,ha6r7s1x,pe3s4nrk,106,74,[],640.0,0.0,1233
106,ox,A383U9YJIBG4IA,history,0,ha6r7s1x,3k6q07do,107,75,[],254.01168363026198,0.0,1233
107,ox,A19C92YJMLTIEB,history,0,ha6r7s1x,y2tos9dc,108,76,[],680.388438295346,0.0,1233
108,ox,A6MINO7231KW2,history,0,ha6r7s1x,02jxm66k,109,77,[],725.7476675150349,0.0,1233
110,ox,AJVGW8ZY3SWE4,history,0,ha6r7s1x,0idchvhh,111,78,[],544.310750636277,0.0,1233
114,ox,A1DHBXXSSZO6TI,history,0,ha6r7s1x,nbph2llu,115,79,[],476.27190680674204,0.0,1233
115,ox,A3OZRMEJJYBHRN,history,0,ha6r7s1x,s7cfkyxk,116,80,[],742.0,0.0,1233
116,ox,ALKGANT1CYTZ1,history,0,ha6r7s1x,qkuknh6y,117,81,[],362.873833757518,0.0,1233
117,ox,A2NCWESA8QCYU6,history,0,ha6r7s1x,vcbjot5a,118,82,[],680.388438295346,0.0,1233
119,ox,A4RNC9IODQ649,history,0,ha6r7s1x,yrksnl1r,120,83,[],300.0,0.0,1233
120,ox,A3PGAVMTF1Z8LP,history,0,ha6r7s1x,2c9eeeqt,121,84,[],450.0,0.0,1233
121,ox,A2WFH399O0W7P0,history,0,ha6r7s1x,gfublvdw,122,85,[],1270.05841815131,1.0,1233
123,ox,A1Z5O5OZEVKWZX,history,0,ha6r7s1x,9vrnsc29,124,86,[],1224.6991889316198,1.0,1233
122,ox,AKVDY8OXNMQED,history,0,ha6r7s1x,d4a1vcgc,123,87,[],559.732888570971,0.0,1233
124,ox,A1KHRQ121JTDF6,history,0,ha6r7s1x,cokeuste,125,88,[],408.23306297720706,0.0,1233
126,ox,A1N1CDR3F96RMD,history,0,ha6r7s1x,0grcrpnd,127,90,[],589.6699798559661,0.0,1233
127,ox,AKCGOD3CCOXTS,history,0,ha6r7s1x,7z39l6rz,128,91,[],1224.6991889316198,1.0,1233
128,ox,A37GEKOMGDVVD0,history,0,ha6r7s1x,ukqs5h12,129,92,[],1200.0,1.0,1233
129,ox,A3JJG9YLVUNUIX,history,0,ha6r7s1x,i9n2ojzm,130,93,[],476.27190680674204,0.0,1233
130,ox,A290XEBGZYQTEO,history,0,ha6r7s1x,h9nsnxq8,131,94,[],294.83498992798303,0.0,1233
131,ox,A2ETSATXP9MTZ6,history,0,ha6r7s1x,easz015x,132,95,[],385.553448367363,0.0,1233
133,ox,A3TL18F6S6HSOF,history,0,ha6r7s1x,ebtakj6r,134,96,[],544.310750636277,0.0,1233
132,ox,A2H6FS600B4O22,history,0,ha6r7s1x,058k7kf8,133,97,[],272.155375318138,0.0,1233
134,ox,A33FSJRW7E1XVV,history,0,ha6r7s1x,e8gm72fl,135,98,[],361.966649173124,0.0,1233
137,ox,A18EYTQN3BKVOR,history,0,ha6r7s1x,x9andjvf,138,99,[],547.939488973852,0.0,1233
139,ox,A1E66M679AFI3S,history,0,ha6r7s1x,in309mzs,140,100,[],725.7476675150349,0.0,1233
140,ox,A3731VPB9QPDIC,history,0,ha6r7s1x,fx8cq9z5,141,101,[],226.796146098449,0.0,1233
141,ox,ARS0GJESSTVQ,history,0,ha6r7s1x,g30n4m1v,142,102,[],204.116531488604,0.0,1233
143,ox,A27ZED844GO7I7,history,0,ha6r7s1x,x6bwdz74,144,103,[],498.951521416587,0.0,1233
147,ox,A1HP2E5143SRFW,history,0,ha6r7s1x,9v5r4z5n,148,104,[],544.310750636277,0.0,1233
148,ox,A3AJLUNBK4EU68,history,0,ha6r7s1x,qjj71odu,149,105,[],977.037797392116,0.0,1233
149,ox,A2JMA3N43YNDLG,history,0,ha6r7s1x,cemxoe47,150,106,[],589.6699798559661,0.0,1233
150,ox,A3T1FM3126RW25,history,0,ha6r7s1x,mgluwgo1,151,107,[],544.310750636277,0.0,1233
151,ox,A2QG9SPVUV53HO,history,0,ha6r7s1x,jx7q76wl,152,108,[],498.951521416587,0.0,1233
153,ox,A1LKOR9WY6D45J,history,0,ha6r7s1x,rfp1qe1v,154,109,[],1114.02266963558,1.0,1233
154,ox,A3IZMPMBGIEGVP,history,0,ha6r7s1x,65gdtrqi,155,110,[],635.029209075656,0.0,1233
156,ox,A249IGDW8Z6D7I,history,0,ha6r7s1x,p4r5xz45,157,111,[],226.796146098449,0.0,1233
157,ox,A1TSKCML80HVB2,history,0,ha6r7s1x,gz040xdo,158,112,[],743.8913592029111,0.0,1233
158,ox,A2WX3ER310PWY0,history,0,ha6r7s1x,p3fdqnvj,159,113,[],317.514604537828,0.0,1233
160,ox,A3TU0LTYMXEVEO,history,0,ha6r7s1x,g1x0oqm9,161,115,[],816.466125954415,0.0,1233
161,ox,A3HBCD1CH0XN8R,history,0,ha6r7s1x,7tjvp05m,162,116,[],544.310750636277,0.0,1233
162,ox,APBHQBDV6WMGZ,history,0,ha6r7s1x,cv0wvaka,163,117,[],453.59229219689695,0.0,1233
163,ox,A26S6P9R9UB5UP,history,0,ha6r7s1x,8co2kyx4,164,118,[],635.029209075656,0.0,1233
164,ox,AEI28C31M00TY,history,0,ha6r7s1x,jr4xlari,165,119,[],907.1845843937939,0.0,1233
165,ox,A1QVOBBLEV4ONC,history,0,ha6r7s1x,a9mhob5j,166,120,[],725.7476675150349,0.0,1233
167,ox,A3O1JZVX2L1BMK,history,0,ha6r7s1x,flstxnxs,168,121,[],272.155375318138,0.0,1233
169,ox,A3HE29W5IDR394,history,0,ha6r7s1x,30wsskks,170,122,[],517.0952131044629,0.0,1233
170,ox,A1HWVPJ4IKTALO,history,0,ha6r7s1x,l6wjrdya,171,123,[],290.0,0.0,1233
173,ox,A1MOZ5G9FQCVQQ,history,0,ha6r7s1x,m724ezb5,174,124,[],453.59229219689695,0.0,1233
174,ox,A41X4LJ1MH0TA,history,0,ha6r7s1x,5farlbpv,175,125,[],544.310750636277,0.0,1233
175,ox,A1SV96FCZ1U6CV,history,0,ha6r7s1x,vl2c9fbl,176,126,[],1110.0,1.0,1233
177,ox,AYPCU3PXWCYHH,history,0,ha6r7s1x,4gh2xycj,178,127,[],498.951521416587,0.0,1233
178,ox,AQOS64ELJWA62,history,0,ha6r7s1x,uiashfbb,179,128,[],542.9499737596859,0.0,1233
179,ox,A12X42J4ET6LZ7,history,0,ha6r7s1x,rgj6u8s3,180,129,[],1500.0,0.0,1233
180,ox,A37X8JDIX4RTD4,history,0,ha6r7s1x,yzeez43w,181,130,[],544.310750636277,0.0,1233
182,ox,AZ3AT8HLS7M9P,history,0,ha6r7s1x,zsiymmmg,183,131,[],192.77672418368098,0.0,1233
183,ox,AQVYDEZHZHW72,history,0,ha6r7s1x,hd20cr8a,184,133,[],907.1845843937939,0.0,1233
184,ox,A282DEANU698X2,history,0,ha6r7s1x,iw2g9qr8,185,134,[],659.069600562092,0.0,1233
186,ox,A9R2FI1FZXZDK,history,0,ha6r7s1x,j144ofik,187,135,[],306.174797232906,0.0,1233
187,ox,A1EOGYWHC7WWNW,history,0,ha6r7s1x,69zbk8b0,188,136,[],376.02801023122805,0.0,1233
189,ox,A3UIVDE93MKTLD,history,0,ha6r7s1x,46h8gxeu,190,137,[],950.0,0.0,1233
190,ox,AAIRYP2HKB7IK,history,0,ha6r7s1x,ortysdqn,191,138,[],317.514604537828,0.0,1233
191,ox,A15NPTZ0JH7TB9,history,0,ha6r7s1x,hcvvpi8r,192,139,[],231.332069020418,0.0,1233
193,ox,A27GBAJ6FLLH4B,history,0,ha6r7s1x,3l6b5dui,194,140,[],480.0,0.0,1233
194,ox,A36BHU2KRIITKZ,history,0,ha6r7s1x,sh132zs1,195,141,[],1200.0,1.0,1233
196,ox,A3FE2PI4F99LER,history,0,ha6r7s1x,wzw5lel1,197,142,[],544.310750636277,0.0,1233
197,ox,A1L2LV7ZH4JCA1,history,0,ha6r7s1x,40avevvf,198,143,[],500.0,0.0,1233
198,ox,A18DGTX35INZIJ,history,0,ha6r7s1x,88xhvvg0,199,144,[],800.0,0.0,1233
199,ox,A2DEEWJUCRYDXQ,history,0,ha6r7s1x,4h0rzg0p,200,145,[],1200.0,1.0,1233
200,ox,A1RKZZE3XQKFBG,history,0,ha6r7s1x,l46ntsaw,201,146,[],1224.6991889316198,1.0,1233
201,ox,A35H73VM0O4RFP,history,0,ha6r7s1x,oaodo5q5,202,147,[],800.0,0.0,1233
202,ox,AYVEXGS5UEMD0,history,0,ha6r7s1x,5133cy4v,203,148,[],782.446704039648,0.0,1233
203,ox,A7FBMFBMTWYBX,history,0,ha6r7s1x,9so45dh7,204,149,[],362.873833757518,0.0,1233
206,ox,A3FSMG652RL0WL,history,0,ha6r7s1x,8kt5f0uf,207,150,[],317.514604537828,0.0,1233
207,ox,A2BHPYKUHMASE0,history,0,ha6r7s1x,9oqs6r1z,208,151,[],907.1845843937939,0.0,1233
213,ox,A1A2X0T1XE8K89,history,0,ha6r7s1x,xo2w5zei,214,152,[],580.5981340120279,0.0,1233
204,ox,A2LX3ZOJZTP31C,history,0,ha6r7s1x,m6u5u0ky,205,153,[],1044.0,0.0,1233
209,ox,A2EJLS2NDBTQHX,history,0,ha6r7s1x,7m38a5o1,210,154,[],400.0,0.0,1233
218,ox,AJNQDG8RPYULZ,history,0,ha6r7s1x,exbb2wa5,219,155,[],544.310750636277,0.0,1233
211,ox,A1W0QJDQPFMLKF,history,0,ha6r7s1x,7gk526i3,212,156,[],226.796146098449,0.0,1233
215,ox,AK467M5VTG7N4,history,0,ha6r7s1x,pxb8rls6,216,157,[],181.436916878759,0.0,1233
225,ox,A15EZCN5OCG62W,history,0,ha6r7s1x,lw64q5r9,226,158,[],498.951521416587,0.0,1233
227,ox,A2NL38BFEE3BVY,history,0,ha6r7s1x,swksqlyj,228,159,[],907.1845843937939,0.0,1233
231,ox,A2GOJCVBYZ6H75,history,0,ha6r7s1x,aw9gjc1k,232,160,[],816.466125954415,0.0,1233
233,ox,A3EWCWQBNJF0QV,history,0,ha6r7s1x,lsxcvd84,234,161,[],340.194219147673,0.0,1233
235,ox,A372F1FDPWXBY3,history,0,ha6r7s1x,c65u6j7y,236,162,[],780.178742578663,0.0,1233
236,ox,A1BHR5XQ16T7LA,history,0,ha6r7s1x,4vv17z96,237,163,[],680.388438295346,0.0,1233
238,ox,ACEKXR1Z5D1L6,history,0,ha6r7s1x,3wuvoff5,239,164,[],226.796146098449,0.0,1233
237,ox,AY7118XTQ3FDG,history,0,ha6r7s1x,k2p2fdic,238,165,[],226.796146098449,0.0,1233
241,ox,A1JX05C35GWMGP,history,0,ha6r7s1x,jp67z6v8,242,166,[],265.805083227382,0.0,1233
243,ox,A37VBAMFEQKJO4,history,0,ha6r7s1x,m7qn3huy,244,167,[],1247.3788035414698,1.0,1233
244,ox,A323RBOHUTRW53,history,0,ha6r7s1x,07odbbhr,245,168,[],408.23306297720706,0.0,1233
245,ox,A3CPL5WWI6KWLF,history,0,ha6r7s1x,syef4h00,246,169,[],793.78651134457,0.0,1233
246,ox,A342YLIMT6THWO,history,0,ha6r7s1x,h5pzumzp,247,170,[],272.155375318138,0.0,1233
248,ox,A1UXWUM04RAO59,history,0,ha6r7s1x,b9os4rpu,249,171,[],205.023716072998,0.0,1233
250,ox,A39GSVYJXDV1DB,history,0,ha6r7s1x,gykqs1oo,251,172,[],900.0,0.0,1233
252,ox,AK35CJJEYFVYK,history,0,ha6r7s1x,094i0bg4,253,173,[],544.310750636277,0.0,1233
251,ox,A3OHRFXPEKQMIE,history,0,ha6r7s1x,rp3hr3g0,252,174,[],544.310750636277,0.0,1233
253,ox,A2BPBFN87X32NO,history,0,ha6r7s1x,kzbcwjmn,254,175,[],680.388438295346,0.0,1233
256,ox,A15A984KE7R40O,history,0,ha6r7s1x,2dr06l80,257,177,[],408.23306297720706,0.0,1233
257,ox,AIOOOO5OXWXKM,history,0,ha6r7s1x,fnl2bc6n,258,178,[],231.332069020418,0.0,1233
258,ox,A32G06L5LXJ4C3,history,0,ha6r7s1x,16ldml31,259,179,[],1133.98073049224,1.0,1233
259,ox,A1ROEDVMTO9Y3X,history,0,ha6r7s1x,z7a3tfha,260,180,[],317.514604537828,0.0,1233
260,ox,A157L6Z8QU3SDE,history,0,ha6r7s1x,iyms2qcf,261,181,[],498.951521416587,0.0,1233
261,ox,A1XIL0Q9W5JE4Q,history,0,ha6r7s1x,1beucfu2,262,182,[],238.13595340337102,0.0,1233
262,ox,A1TGV7LT6LTIQU,history,0,ha6r7s1x,jbt1spnp,263,183,[],1360.77687659069,0.0,1233
263,ox,A13FUEPWBCLBUY,history,0,ha6r7s1x,sp8ope9z,264,184,[],725.7476675150349,0.0,1233
264,ox,A2SGN0301UUF21,history,0,ha6r7s1x,1f9pa2pg,265,185,[],453.59229219689695,0.0,1233
266,ox,A18QU0YQB6Q8DF,history,0,ha6r7s1x,15lxkedn,267,186,[],406.872286100617,0.0,1233
267,ox,A18O3DEA5Z4MJD,history,0,ha6r7s1x,b2vpvl3s,268,187,[],292.56702846699903,0.0,1233
265,ox,A2YLSDVP8Z0ZMV,history,0,ha6r7s1x,ck7qfili,266,188,[],453.59229219689695,0.0,1233
268,ox,AN7TDZHL4UFJJ,history,0,ha6r7s1x,7263cvu1,269,189,[],249.475760708293,0.0,1233
269,ox,A2NVOKL45Z9C2C,history,0,ha6r7s1x,ztv3wyff,270,190,[],649.544162425957,0.0,1233
270,ox,A2GRBZFNM8HOG4,history,0,ha6r7s1x,61a7oh2w,271,191,[],395.986071087891,0.0,1233
271,ox,A1ALBJK8674I10,history,0,ha6r7s1x,766afn9h,272,192,[],1200.0,1.0,1233
272,ox,A2HW25TH8D4PCM,history,0,ha6r7s1x,hpczmg8z,273,193,[],600.0,0.0,1233
273,ox,AY1DFLTV8803D,history,0,ha6r7s1x,owzzbj0a,274,194,[],771.1068967347251,0.0,1233
274,ox,A1CZ8W1WV8SKDV,history,0,ha6r7s1x,kf66hbmm,275,195,[],1542.2137934694501,0.0,1233
275,ox,AWSNADH4KGWFT,history,0,ha6r7s1x,07i0gaez,276,196,[],235.86799194238702,0.0,1233
277,ox,A2G3GKBCPU7JHO,history,0,ha6r7s1x,suoh9c5v,278,197,[],1400.0,0.0,1233
276,ox,A3GCIGH49109SM,history,0,ha6r7s1x,bzwqud4g,277,198,[],231.332069020418,0.0,1233
278,ox,AQNQC4XW0K0OJ,history,0,ha6r7s1x,ybjeqhto,279,199,[],306.174797232906,0.0,1233
279,ox,A1LWOGF53UYZ3C,history,0,ha6r7s1x,0j4zcbe5,280,200,[],552.475411895821,0.0,1233
281,ox,A3R6WHGX298784,history,0,ha6r7s1x,l3h329xy,282,201,[],9071.845843937941,0.0,1233
282,ox,A21LL1JQ6Z25C6,history,0,ha6r7s1x,2ykh6l6y,283,202,[],907.1845843937939,0.0,1233
284,ox,A2NV8MMAGTLGUH,history,0,ha6r7s1x,g8tsu75l,285,203,[],1360.77687659069,0.0,1233
285,ox,A2H9GCED75EGNT,history,0,ha6r7s1x,os485v32,286,204,[],1133.98073049224,1.0,1233
286,ox,A17AF42SNQNH9C,history,0,ha6r7s1x,lb9myo4b,287,205,[],362.873833757518,0.0,1233
290,ox,A3TF02PMRXPWW7,history,0,ha6r7s1x,1bejbhq5,291,206,[],498.951521416587,0.0,1233
291,ox,A3M8ENCYSLJGL2,history,0,ha6r7s1x,eynqtqkp,292,207,[],396.893255672285,0.0,1233
292,ox,A2NBVTY6FLBEAF,history,0,ha6r7s1x,72i9mlkf,293,208,[],430.912677587052,0.0,1233
293,ox,A1SU2QTCUWM448,history,0,ha6r7s1x,wgy4jivx,294,209,[],340.194219147673,0.0,1233
294,ox,ABJ8229BVK9R6,history,0,ha6r7s1x,4i3uuhoq,295,210,[],2902.9906700601396,0.0,1233
295,ox,A3EN6WYTR0D2P5,history,0,ha6r7s1x,ip6j7x2n,296,211,[],544.310750636277,0.0,1233
296,ox,A35950MX8YVFD1,history,0,ha6r7s1x,sr6d25pm,297,212,[],530.7029818703701,0.0,1233
297,ox,A204OBXRP42Q28,history,0,ha6r7s1x,6mq4u98b,298,213,[],907.1845843937939,0.0,1233
298,ox,A3LVLZS8S41ZD7,history,0,ha6r7s1x,njoi9kk2,299,214,[],362.873833757518,0.0,1233
299,ox,AFMWQQOHXQPE1,history,0,ha6r7s1x,2ci0a59h,300,215,[],544.310750636277,0.0,1233
303,ox,A9HLSN75PCMIA,history,0,ha6r7s1x,z379pfzb,304,218,[],1133.98073049224,1.0,1233
305,ox,A1NMWUK6TZG333,history,0,ha6r7s1x,r9a37z0d,306,219,[],362.873833757518,0.0,1233
308,ox,A287NFWM0LGURH,history,0,ha6r7s1x,3cra3hjg,309,220,[],1519.53417885961,0.0,1233
311,ox,AWK6B58ZHXNML,history,0,ha6r7s1x,lkke0h61,312,221,[],789.250588422601,0.0,1233
313,ox,A6G4Y51RCENLF,history,0,ha6r7s1x,3bxel9p7,314,222,[],500.0,0.0,1233
314,ox,AQ85UGGLK7PPD,history,0,ha6r7s1x,sij81nsm,315,223,[],1007.88207326151,0.0,1233
317,ox,A1W737GQBTMP6S,history,0,ha6r7s1x,6zs727sv,318,224,[],309.349943278284,0.0,1233
319,ox,A140X6JF1YVVPF,history,0,ha6r7s1x,0rnd3hex,320,225,[],800.0,0.0,1233
320,ox,A1WCYE15F7KP79,history,0,ha6r7s1x,2uv5m0gf,321,226,[],508.023367260525,0.0,1233
321,ox,A2IQFNKKQ4VU1U,history,0,ha6r7s1x,cjcoq0j1,322,227,[],453.59229219689695,0.0,1233
322,ox,A1R907HJF0EC78,history,0,ha6r7s1x,ulesanpm,323,228,[],317.514604537828,0.0,1233
323,ox,ACM5LQR6AU9LD,history,0,ha6r7s1x,9gp0vkfz,324,229,[],539.774827714308,0.0,1233
325,ox,A32SRDFNUXN3BZ,history,0,ha6r7s1x,4c9c8ppe,326,230,[],420.026462574327,0.0,1233
326,ox,AQERDHDH095OL,history,0,ha6r7s1x,87ywc6l9,327,231,[],163.29322519088302,0.0,1233
327,ox,A17KN7NAP48L4B,history,0,ha6r7s1x,6btm7gx1,328,232,[],204.116531488604,0.0,1233
329,ox,ATNKZUOK7BU13,history,0,ha6r7s1x,8wr74cge,330,233,[],505.0,0.0,1233
330,ox,A29AEPWSPGH0HX,history,0,ha6r7s1x,1tujlz23,331,234,[],1100.0,0.0,1233
331,ox,A1YKYJ33XJU1AD,history,0,ha6r7s1x,fqi4ticx,332,235,[],800.0,0.0,1233
332,ox,A7L1P55WO7ZI,history,0,ha6r7s1x,mu1jyyze,333,236,[],544.310750636277,0.0,1233
334,ox,A2Z5SA1J1XN84J,history,0,ha6r7s1x,vko5brzj,335,237,[],408.23306297720706,0.0,1233
335,ox,A38A7XGU4W08DZ,history,0,ha6r7s1x,hcchck9x,336,238,[],714.4078602101131,0.0,1233
336,ox,A3W4XNE93R5HZ6,history,0,ha6r7s1x,rlzckfo1,337,239,[],1190.0,1.0,1233
337,ox,A3BRA88RFSIAVG,history,0,ha6r7s1x,kyogf2lh,338,240,[],620.514255725355,0.0,1233
338,ox,A3UFE2RLHBOKOX,history,0,ha6r7s1x,tsxeixxp,339,241,[],599.649010284298,0.0,1233
339,ox,A2W2WOETXSH5YT,history,0,ha6r7s1x,312hjaae,340,242,[],650.0,0.0,1233
340,ox,A25UZQENK9A4PL,history,0,ha6r7s1x,anaihka2,341,243,[],544.310750636277,0.0,1233
341,ox,A34CS7E6E46N4E,history,0,ha6r7s1x,86w7605s,342,244,[],816.466125954415,0.0,1233
342,ox,A258IOF8UVRTX9,history,0,ha6r7s1x,q01yj1cd,343,245,[],544.310750636277,0.0,1233
345,ox,A29OOCTSLM8DB4,history,0,ha6r7s1x,3yvcyu4i,346,247,[],952.5438136134841,0.0,1233
347,ox,A26VQQSD9Q4FNS,history,0,ha6r7s1x,kgtyqx8y,348,248,[],544.310750636277,0.0,1233
349,ox,AHHAPMAKZ6A6G,history,0,ha6r7s1x,iyqxp9x6,350,249,[],1905.08762722697,0.0,1233
351,ox,A26VM35S20AKFN,history,0,ha6r7s1x,eztyxria,352,250,[],754.0,0.0,1233
352,ox,A302512CBCH9X2,history,0,ha6r7s1x,z0nwr59r,353,251,[],500.0,0.0,1233
354,ox,AAOS0V2SBR1FA,history,0,ha6r7s1x,kabnfgst,355,252,[],294.83498992798303,0.0,1233
355,ox,AUF7DSFWIYFSM,history,0,ha6r7s1x,5unf18gh,356,253,[],600.0,0.0,1233
357,ox,A3NRQD72B04Z6M,history,0,ha6r7s1x,88im3nct,358,254,[],1814.3691687875896,0.0,1233
360,ox,A3UEZT1YWLFH75,history,0,ha6r7s1x,f60lf8a1,361,256,[],408.23306297720706,0.0,1233
362,ox,A3O0QZQ4V2IXT7,history,0,ha6r7s1x,f8fmnrks,363,257,[],328.400819550554,0.0,1233
363,ox,A3GW8FH00S9X5T,history,0,ha6r7s1x,uubsttfs,364,258,[],680.388438295346,0.0,1233
364,ox,A378VGJ24WSH6Y,history,0,ha6r7s1x,4ieh3u86,365,259,[],408.23306297720706,0.0,1233
367,ox,A13RSY5C15ONL6,history,0,ha6r7s1x,g4005po2,368,261,[],317.514604537828,0.0,1233
369,ox,A1KU5VCYXZQRF0,history,0,ha6r7s1x,wpjl5xdp,370,262,[],741.1698054497299,0.0,1233
371,ox,A2U8AN4UG0NC6X,history,0,ha6r7s1x,pvdwqqij,372,263,[],362.873833757518,0.0,1233
374,ox,A3CC6GILOHLAYU,history,0,ha6r7s1x,7gesdydr,375,264,[],816.466125954415,0.0,1233
375,ox,A2P2JNJWS397F9,history,0,ha6r7s1x,t1pu45pb,376,265,[],680.388438295346,0.0,1233
377,ox,A3A2I247PWJ8NL,history,0,ha6r7s1x,tfq2t7z2,378,266,[],907.1845843937939,0.0,1233
378,ox,AC04QDI2CCEKI,history,0,ha6r7s1x,zapy9yfv,379,267,[],382.37830232198405,0.0,1233
380,ox,A3GPM00M8CNXK6,history,0,ha6r7s1x,29fjib2z,381,268,[],251.290129877081,0.0,1233
381,ox,A3IHT9LDUJNP3E,history,0,ha6r7s1x,vry2f661,382,269,[],199.58060856663502,0.0,1233
382,ox,A28X0BRUATKFWY,history,0,ha6r7s1x,umavp17x,383,270,[],170.097109573836,0.0,1233
383,ox,A2RMR0ZSQ575XZ,history,0,ha6r7s1x,mgeqmzus,384,271,[],4762.71906806742,0.0,1233
