,task,mturker,method,views,session,code,id,order,hist,guess,bonus,dots
13000,dots,AEWE62WB242HX,history,9,bvpj37io,iu24j97r,1,1,[],71.0,0.0,55
13002,dots,A2BACJE00ZUDXS,history,9,bvpj37io,v8st4lbb,3,2,[1],50.0,1.0,55
13001,dots,A13LA2WBVSCKRC,history,9,bvpj37io,wanpkds9,2,3,"[1, 3]",60.0,1.0,55
13006,dots,A2R6EIJYKZGUN8,history,9,bvpj37io,mw7xb4ee,7,4,"[1, 3, 2]",55.0,1.0,55
13005,dots,A2G1CPU70FHS68,history,9,bvpj37io,olvi0yfp,6,5,"[1, 3, 2, 7]",50.0,1.0,55
13007,dots,A1Q1HSGBD1POWV,history,9,bvpj37io,k8zpg4s7,8,6,"[1, 3, 2, 7, 6]",55.0,1.0,55
13014,dots,AAPXM02THRRBO,history,9,bvpj37io,fgba9y20,15,7,"[1, 3, 2, 7, 6, 8]",80.0,0.0,55
13013,dots,A2AMYX1J96G2JG,history,9,bvpj37io,wn2nn129,14,8,"[1, 3, 2, 7, 6, 8, 15]",55.0,1.0,55
13016,dots,A31681CCEVDIH3,history,9,bvpj37io,jaftlxjo,17,9,"[1, 3, 2, 7, 6, 8, 15, 14]",50.0,1.0,55
13017,dots,A1Y2N49VMVJ7C6,history,9,bvpj37io,bqdjgiwe,18,10,"[1, 3, 2, 7, 6, 8, 15, 14, 17]",150.0,0.0,55
13015,dots,A2G5GGLXD2KSZS,history,9,bvpj37io,309942nh,16,11,"[3, 2, 7, 6, 8, 15, 14, 17, 18]",55.0,0.0,55
13019,dots,A132MSWBBVTOES,history,9,bvpj37io,4swtdok8,20,12,"[2, 7, 6, 8, 15, 14, 17, 18, 16]",54.0,1.0,55
13020,dots,A2CX92GOFJSA1Q,history,9,bvpj37io,a4uouff0,21,13,"[7, 6, 8, 15, 14, 17, 18, 16, 20]",53.0,1.0,55
13022,dots,A2MSVA0U4214KP,history,9,bvpj37io,zfggzv1v,23,14,"[6, 8, 15, 14, 17, 18, 16, 20, 21]",62.0,0.0,55
13025,dots,A2VR0KBCWPY8E1,history,9,bvpj37io,u9dt9a1v,26,15,"[8, 15, 14, 17, 18, 16, 20, 21, 23]",54.0,1.0,55
13026,dots,A3LOAK3P1D1VOO,history,9,bvpj37io,26a9y774,27,16,"[15, 14, 17, 18, 16, 20, 21, 23, 26]",75.0,0.0,55
13027,dots,ALAOEYIYW0CW7,history,9,bvpj37io,v5qwc21n,28,17,"[14, 17, 18, 16, 20, 21, 23, 26, 27]",60.0,1.0,55
13028,dots,A2NPUPP06POEJ0,history,9,bvpj37io,u5xi7po0,29,18,"[17, 18, 16, 20, 21, 23, 26, 27, 28]",80.0,0.0,55
13029,dots,AECQ7QG4CQP69,history,9,bvpj37io,tm9jpi2f,30,19,"[18, 16, 20, 21, 23, 26, 27, 28, 29]",64.0,0.0,55
13031,dots,A3485IQYNO94GA,history,9,bvpj37io,jbstbl7z,32,20,"[16, 20, 21, 23, 26, 27, 28, 29, 30]",53.0,1.0,55
13033,dots,A2V8B6ISKK4N9P,history,9,bvpj37io,z2jpwbzl,34,21,"[20, 21, 23, 26, 27, 28, 29, 30, 32]",45.0,0.0,55
13034,dots,A2OAZPREKF6PQR,history,9,bvpj37io,9oxp892u,35,22,"[21, 23, 26, 27, 28, 29, 30, 32, 34]",53.0,1.0,55
13036,dots,A6E9MF642WUOE,history,9,bvpj37io,bgt28qao,37,23,"[23, 26, 27, 28, 29, 30, 32, 34, 35]",55.0,1.0,55
13039,dots,A29R1LR84VSJU3,history,9,bvpj37io,akyynbpq,40,24,"[26, 27, 28, 29, 30, 32, 34, 35, 37]",50.0,1.0,55
13040,dots,AXQWKUJF7SQXP,history,9,bvpj37io,a7dkg3pp,41,25,"[27, 28, 29, 30, 32, 34, 35, 37, 40]",55.0,1.0,55
13041,dots,AF09UGIC6B81Y,history,9,bvpj37io,462oqzy2,42,26,"[28, 29, 30, 32, 34, 35, 37, 40, 41]",54.0,1.0,55
13042,dots,A3QLGMZOLGMBQ1,history,9,bvpj37io,btc4mefy,43,27,"[29, 30, 32, 34, 35, 37, 40, 41, 42]",149.0,0.0,55
13044,dots,A13DWIR234T9SW,history,9,bvpj37io,70ek3gsc,45,28,"[30, 32, 34, 35, 37, 40, 41, 42, 43]",58.0,1.0,55
13045,dots,A24TOB2WJYOSWP,history,9,bvpj37io,6xmf0o2o,46,29,"[32, 34, 35, 37, 40, 41, 42, 43, 45]",30.0,0.0,55
13046,dots,AGRKG3YT3KMD8,history,9,bvpj37io,23ic5vti,47,30,"[34, 35, 37, 40, 41, 42, 43, 45, 46]",59.0,1.0,55
13047,dots,A2R5P2C1SZVRQ7,history,9,bvpj37io,htmkq16l,48,31,"[35, 37, 40, 41, 42, 43, 45, 46, 47]",56.0,1.0,55
13048,dots,AXCPRXO08DFAH,history,9,bvpj37io,afhql116,49,32,"[37, 40, 41, 42, 43, 45, 46, 47, 48]",65.0,0.0,55
13049,dots,A2KNDTYE4PUIQ1,history,9,bvpj37io,fxhdypkr,50,33,"[40, 41, 42, 43, 45, 46, 47, 48, 49]",61.0,0.0,55
13051,dots,A1QUS2LKXIQ22L,history,9,bvpj37io,b1xgqs41,52,34,"[41, 42, 43, 45, 46, 47, 48, 49, 50]",55.0,1.0,55
13052,dots,A3BHRFFG75X3GO,history,9,bvpj37io,2is7r9t7,53,35,"[42, 43, 45, 46, 47, 48, 49, 50, 52]",52.0,1.0,55
13053,dots,A2KYOM2ZGYDJGT,history,9,bvpj37io,o2bw3tye,54,36,"[43, 45, 46, 47, 48, 49, 50, 52, 53]",58.0,1.0,55
13054,dots,A1IDK5VH8EVARO,history,9,bvpj37io,zhvm1h46,55,37,"[45, 46, 47, 48, 49, 50, 52, 53, 54]",56.0,1.0,55
13055,dots,A386AUYQRP1D1C,history,9,bvpj37io,h90v8vgq,56,38,"[46, 47, 48, 49, 50, 52, 53, 54, 55]",58.0,0.0,55
13056,dots,A2JNCB317KX86V,history,9,bvpj37io,us5docb9,57,39,"[47, 48, 49, 50, 52, 53, 54, 55, 56]",30.0,0.0,55
13058,dots,A29SVJAJW97X69,history,9,bvpj37io,j4lwmxpk,59,40,"[48, 49, 50, 52, 53, 54, 55, 56, 57]",62.0,0.0,55
13057,dots,A1601UNFFAAQOI,history,9,bvpj37io,miolgfq5,58,41,"[49, 50, 52, 53, 54, 55, 56, 57, 59]",55.0,1.0,55
13059,dots,AC8AP945KVJW5,history,9,bvpj37io,ve6rj03i,60,42,"[50, 52, 53, 54, 55, 56, 57, 59, 58]",78.0,0.0,55
13060,dots,AY45B0YHI4TUP,history,9,bvpj37io,71xp7e5k,61,43,"[52, 53, 54, 55, 56, 57, 59, 58, 60]",62.0,0.0,55
13061,dots,AIHBYWZF1370P,history,9,bvpj37io,913g27jh,62,44,"[53, 54, 55, 56, 57, 59, 58, 60, 61]",71.0,0.0,55
13062,dots,A1L0D68W1KY0H7,history,9,bvpj37io,fiibvynl,63,45,"[54, 55, 56, 57, 59, 58, 60, 61, 62]",62.0,0.0,55
13065,dots,A1SHLWKA0UH1IS,history,9,bvpj37io,up9bdbpn,66,46,"[55, 56, 57, 59, 58, 60, 61, 62, 63]",64.0,0.0,55
13066,dots,A20IGP1EL464CT,history,9,bvpj37io,ryra7t4x,67,47,"[56, 57, 59, 58, 60, 61, 62, 63, 66]",50.0,1.0,55
13067,dots,A2GREARJHXCC1S,history,9,bvpj37io,ucuj3co6,68,48,"[57, 59, 58, 60, 61, 62, 63, 66, 67]",57.0,1.0,55
13068,dots,A3T9K2RY06UO14,history,9,bvpj37io,d3haodzp,69,49,"[59, 58, 60, 61, 62, 63, 66, 67, 68]",63.0,0.0,55
13069,dots,A2TKHXY755FAM,history,9,bvpj37io,83uduilp,70,50,"[58, 60, 61, 62, 63, 66, 67, 68, 69]",57.0,1.0,55
13070,dots,AVNW96ITB1X0W,history,9,bvpj37io,6b3xry3e,71,51,"[60, 61, 62, 63, 66, 67, 68, 69, 70]",56.0,0.0,55
13071,dots,A76YXASD7CTAH,history,9,bvpj37io,72o4wgg6,72,52,"[61, 62, 63, 66, 67, 68, 69, 70, 71]",64.0,0.0,55
13072,dots,A2EOOF9D135HQ1,history,9,bvpj37io,08goa27g,73,53,"[62, 63, 66, 67, 68, 69, 70, 71, 72]",66.0,0.0,55
13077,dots,A21M5WL69CLKSO,history,9,bvpj37io,7wmw6qwf,78,54,"[63, 66, 67, 68, 69, 70, 71, 72, 73]",53.0,1.0,55
13078,dots,AROOCBM042SJD,history,9,bvpj37io,yoururme,79,55,"[66, 67, 68, 69, 70, 71, 72, 73, 78]",68.0,0.0,55
13080,dots,A19OCD2Q0K2U6M,history,9,bvpj37io,g6ae6tuh,81,56,"[67, 68, 69, 70, 71, 72, 73, 78, 79]",60.0,1.0,55
13081,dots,A1EEEC7VFCAV2V,history,9,bvpj37io,weit0sad,82,57,"[68, 69, 70, 71, 72, 73, 78, 79, 81]",55.0,1.0,55
13082,dots,AO1NXVGRRUCJB,history,9,bvpj37io,ne98aspk,83,58,"[69, 70, 71, 72, 73, 78, 79, 81, 82]",55.0,1.0,55
13083,dots,A6VQ4WKKZDLO5,history,9,bvpj37io,0tqlg66g,84,59,"[70, 71, 72, 73, 78, 79, 81, 82, 83]",50.0,1.0,55
13086,dots,AEHGZ3X74QSQL,history,9,bvpj37io,qboigamo,87,60,"[71, 72, 73, 78, 79, 81, 82, 83, 84]",60.0,1.0,55
13087,dots,A217M5CHYXKABY,history,9,bvpj37io,jtofhk4b,88,61,"[72, 73, 78, 79, 81, 82, 83, 84, 87]",55.0,1.0,55
13088,dots,A4OVCB3307414,history,9,bvpj37io,zu9fkdp1,89,62,"[73, 78, 79, 81, 82, 83, 84, 87, 88]",55.0,1.0,55
13089,dots,ANUG05IDFTWF,history,9,bvpj37io,rejozs9u,90,63,"[78, 79, 81, 82, 83, 84, 87, 88, 89]",62.0,0.0,55
13090,dots,A1S2MN0E9BHPVA,history,9,bvpj37io,w7gesopg,91,64,"[79, 81, 82, 83, 84, 87, 88, 89, 90]",55.0,1.0,55
13092,dots,A3PIQY6PK42RIS,history,9,bvpj37io,saffsnjw,93,65,"[81, 82, 83, 84, 87, 88, 89, 90, 91]",64.0,0.0,55
13093,dots,A15YYU3A3SW1T9,history,9,bvpj37io,swwt14m3,94,66,"[82, 83, 84, 87, 88, 89, 90, 91, 93]",58.0,1.0,55
13094,dots,A12RIEEJN4N5WF,history,9,bvpj37io,ww61t66r,95,67,"[83, 84, 87, 88, 89, 90, 91, 93, 94]",50.0,1.0,55
13095,dots,A1KEA2Z47S3UPI,history,9,bvpj37io,2t1l1cbv,96,68,"[84, 87, 88, 89, 90, 91, 93, 94, 95]",55.0,1.0,55
13096,dots,A3DTPGXKABAFEJ,history,9,bvpj37io,9t8w8loc,97,69,"[87, 88, 89, 90, 91, 93, 94, 95, 96]",59.0,1.0,55
13097,dots,A2VDGWD0BBMSP2,history,9,bvpj37io,aocrclwl,98,70,"[88, 89, 90, 91, 93, 94, 95, 96, 97]",52.0,1.0,55
13098,dots,A1ZYJ67OVTOHQR,history,9,bvpj37io,355ppth0,99,71,"[89, 90, 91, 93, 94, 95, 96, 97, 98]",57.0,1.0,55
13099,dots,A8MO9UGO0ME2F,history,9,bvpj37io,swdk6sh4,100,72,"[90, 91, 93, 94, 95, 96, 97, 98, 99]",54.0,1.0,55
13100,dots,A17WS5TP6OPH7R,history,9,bvpj37io,a0e1par2,101,73,"[91, 93, 94, 95, 96, 97, 98, 99, 100]",62.0,0.0,55
13102,dots,A2HWC65YAL6MHK,history,9,bvpj37io,k8jmkrhs,103,74,"[93, 94, 95, 96, 97, 98, 99, 100, 101]",52.0,1.0,55
13101,dots,A3N6EU3P8D8BF1,history,9,bvpj37io,w3cnajob,102,75,"[94, 95, 96, 97, 98, 99, 100, 101, 103]",53.0,1.0,55
13106,dots,A3RE387GXHAL1C,history,9,bvpj37io,ks8kk5uc,107,76,"[95, 96, 97, 98, 99, 100, 101, 103, 102]",80.0,0.0,55
13107,dots,A1I4ATPNZBOA16,history,9,bvpj37io,wh91ao8i,108,77,"[96, 97, 98, 99, 100, 101, 103, 102, 107]",58.0,1.0,55
13108,dots,A31UXXZVI3U4E2,history,9,bvpj37io,och73b1k,109,78,"[97, 98, 99, 100, 101, 103, 102, 107, 108]",49.0,0.0,55
13110,dots,AN57INCPKF4VL,history,9,bvpj37io,bt1t3ll1,111,79,"[98, 99, 100, 101, 103, 102, 107, 108, 109]",52.0,1.0,55
13111,dots,A1JWEKRBLSPL8S,history,9,bvpj37io,1g06evm3,112,80,"[99, 100, 101, 103, 102, 107, 108, 109, 111]",56.0,1.0,55
13113,dots,A5R0NQCWSPEJ9,history,9,bvpj37io,xvrrhw78,114,81,"[100, 101, 103, 102, 107, 108, 109, 111, 112]",58.0,1.0,55
13114,dots,A3KSAP865D3L7D,history,9,bvpj37io,d53w9cjp,115,82,"[101, 103, 102, 107, 108, 109, 111, 112, 114]",55.0,1.0,55
13115,dots,A2WJT2WZ7A3C71,history,9,bvpj37io,r6jw8x4y,116,83,"[103, 102, 107, 108, 109, 111, 112, 114, 115]",52.0,1.0,55
13116,dots,A22UXRRYA0V2O5,history,9,bvpj37io,8ojp0q6c,117,84,"[102, 107, 108, 109, 111, 112, 114, 115, 116]",58.0,1.0,55
13118,dots,A20SMUCY0FQA7Z,history,9,bvpj37io,137c6170,119,85,"[107, 108, 109, 111, 112, 114, 115, 116, 117]",90.0,0.0,55
13117,dots,A2QUXO9OJY69QM,history,9,bvpj37io,me242c1l,118,86,"[108, 109, 111, 112, 114, 115, 116, 117, 119]",56.0,1.0,55
13119,dots,A2QO0T21NWTPRV,history,9,bvpj37io,q1w84zfl,120,87,"[109, 111, 112, 114, 115, 116, 117, 119, 118]",49.0,0.0,55
13120,dots,A1S1K7134S2VUC,history,9,bvpj37io,s1007ym0,121,88,"[111, 112, 114, 115, 116, 117, 119, 118, 120]",60.0,1.0,55
13121,dots,AIAHJVVSXGLMB,history,9,bvpj37io,bb58grpg,122,89,"[112, 114, 115, 116, 117, 119, 118, 120, 121]",65.0,0.0,55
13123,dots,A3Q2T4HO43G4EY,history,9,bvpj37io,ouog681s,124,90,"[114, 115, 116, 117, 119, 118, 120, 121, 122]",50.0,1.0,55
13124,dots,A1FVCMGXK85014,history,9,bvpj37io,um8ovz8u,125,91,"[115, 116, 117, 119, 118, 120, 121, 122, 124]",50.0,1.0,55
13125,dots,A291ANCQDMM2QE,history,9,bvpj37io,fy5a7grw,126,92,"[116, 117, 119, 118, 120, 121, 122, 124, 125]",63.0,0.0,55
13126,dots,ACP3L9X63GBRK,history,9,bvpj37io,d11ucobm,127,93,"[117, 119, 118, 120, 121, 122, 124, 125, 126]",53.0,1.0,55
13127,dots,A5OJ7FHDAEHR9,history,9,bvpj37io,34r2y67x,128,94,"[119, 118, 120, 121, 122, 124, 125, 126, 127]",55.0,1.0,55
13128,dots,A11N2XYG9AGJ30,history,9,bvpj37io,uong10mh,129,95,"[118, 120, 121, 122, 124, 125, 126, 127, 128]",61.0,0.0,55
13129,dots,A1IYHQPPOACU83,history,9,bvpj37io,jfu27g91,130,96,"[120, 121, 122, 124, 125, 126, 127, 128, 129]",45.0,0.0,55
13130,dots,A2LO0E22RWJATQ,history,9,bvpj37io,pndgmveq,131,97,"[121, 122, 124, 125, 126, 127, 128, 129, 130]",53.0,1.0,55
13131,dots,A278N0LVC3DDGY,history,9,bvpj37io,2brjxpgv,132,98,"[122, 124, 125, 126, 127, 128, 129, 130, 131]",51.0,1.0,55
13132,dots,A3HRGONKKN3SJF,history,9,bvpj37io,yd2pbgid,133,99,"[124, 125, 126, 127, 128, 129, 130, 131, 132]",53.0,1.0,55
13133,dots,A34F2ESTZYTWRM,history,9,bvpj37io,ydg8k6vg,134,100,"[125, 126, 127, 128, 129, 130, 131, 132, 133]",54.0,1.0,55
13134,dots,A2W3DI02JARCZM,history,9,bvpj37io,o12vp6zs,135,101,"[126, 127, 128, 129, 130, 131, 132, 133, 134]",51.0,1.0,55
13135,dots,APF1EAZT104LQ,history,9,bvpj37io,8ipmt53s,136,102,"[127, 128, 129, 130, 131, 132, 133, 134, 135]",50.0,1.0,55
13136,dots,A3UTX31M9E1Q1M,history,9,bvpj37io,ka8w3unb,137,103,"[128, 129, 130, 131, 132, 133, 134, 135, 136]",63.0,0.0,55
13137,dots,A1C35GMUQWDYWX,history,9,bvpj37io,cs7rlhqy,138,104,"[129, 130, 131, 132, 133, 134, 135, 136, 137]",80.0,0.0,55
13138,dots,A3CM9TGXC5LR3D,history,9,bvpj37io,4sdswj4g,139,105,"[130, 131, 132, 133, 134, 135, 136, 137, 138]",51.0,1.0,55
13139,dots,A2FZE7CARM54IG,history,9,bvpj37io,y45hadwa,140,106,"[131, 132, 133, 134, 135, 136, 137, 138, 139]",60.0,1.0,55
13140,dots,A2HM35CWB7IIFM,history,9,bvpj37io,twtqqyg2,141,107,"[132, 133, 134, 135, 136, 137, 138, 139, 140]",56.0,1.0,55
13141,dots,A10UUNGRUJH6GH,history,9,bvpj37io,umuikha4,142,108,"[133, 134, 135, 136, 137, 138, 139, 140, 141]",55.0,1.0,55
13143,dots,A2TCNFA48UH8II,history,9,bvpj37io,65491aa1,144,109,"[134, 135, 136, 137, 138, 139, 140, 141, 142]",64.0,0.0,55
13142,dots,A3CFULTNTVCYE2,history,9,bvpj37io,zvbqn3nj,143,110,"[135, 136, 137, 138, 139, 140, 141, 142, 144]",60.0,1.0,55
13144,dots,A15WCNO32MHBAF,history,9,bvpj37io,13ta7kcz,145,111,"[136, 137, 138, 139, 140, 141, 142, 144, 143]",55.0,1.0,55
13145,dots,A2AVVSSELIC18P,history,9,bvpj37io,oz1ehl9c,146,112,"[137, 138, 139, 140, 141, 142, 144, 143, 145]",61.0,0.0,55
13147,dots,A3PC0IDUS9FQA4,history,9,bvpj37io,aq9uyun5,148,113,"[138, 139, 140, 141, 142, 144, 143, 145, 146]",57.0,1.0,55
13148,dots,A157L6Z8QU3SDE,history,9,bvpj37io,wmuqvycz,149,114,"[139, 140, 141, 142, 144, 143, 145, 146, 148]",53.0,1.0,55
13149,dots,A1VFRCYMWGWWCZ,history,9,bvpj37io,ulcemina,150,115,"[140, 141, 142, 144, 143, 145, 146, 148, 149]",67.0,0.0,55
13150,dots,A3RHOMS0PNU3NQ,history,9,bvpj37io,r15mtedv,151,116,"[141, 142, 144, 143, 145, 146, 148, 149, 150]",62.0,0.0,55
13151,dots,A3EN54EJAR9QP0,history,9,bvpj37io,vwf1ev9m,152,117,"[142, 144, 143, 145, 146, 148, 149, 150, 151]",52.0,1.0,55
13154,dots,A2DJRC68Z48R83,history,9,bvpj37io,x8d28slq,155,118,"[144, 143, 145, 146, 148, 149, 150, 151, 152]",63.0,0.0,55
13156,dots,ALMBIIB8C1JN5,history,9,bvpj37io,prokm55d,157,119,"[143, 145, 146, 148, 149, 150, 151, 152, 155]",60.0,1.0,55
13158,dots,A11T4227GSO6EP,history,9,bvpj37io,0zqx4a9y,159,120,"[145, 146, 148, 149, 150, 151, 152, 155, 157]",55.0,1.0,55
13160,dots,ADC4VXNQJ9FEW,history,9,bvpj37io,lshrkgos,161,121,"[146, 148, 149, 150, 151, 152, 155, 157, 159]",75.0,0.0,55
13161,dots,ARUF0NF42VL9C,history,9,bvpj37io,iw023fsi,162,122,"[148, 149, 150, 151, 152, 155, 157, 159, 161]",55.0,1.0,55
13162,dots,A1HN2V46HTHYT5,history,9,bvpj37io,q1rn6mgq,163,123,"[149, 150, 151, 152, 155, 157, 159, 161, 162]",50.0,1.0,55
13163,dots,ANHSPS15HULXX,history,9,bvpj37io,f8ip3qww,164,124,"[150, 151, 152, 155, 157, 159, 161, 162, 163]",56.0,1.0,55
13164,dots,ABS83QIWSMZ9,history,9,bvpj37io,t72iw5w0,165,125,"[151, 152, 155, 157, 159, 161, 162, 163, 164]",55.0,1.0,55
13165,dots,AHNUX4QRJN5CF,history,9,bvpj37io,w1bwk1q5,166,126,"[152, 155, 157, 159, 161, 162, 163, 164, 165]",56.0,1.0,55
13166,dots,A2DB5PGPTMYVSD,history,9,bvpj37io,dfn66pw5,167,127,"[155, 157, 159, 161, 162, 163, 164, 165, 166]",45.0,0.0,55
13167,dots,AZYUCL6B0YROY,history,9,bvpj37io,0pbtc0lj,168,128,"[157, 159, 161, 162, 163, 164, 165, 166, 167]",56.0,1.0,55
13168,dots,A291OPFZ41D6CE,history,9,bvpj37io,wmcae5lx,169,129,"[159, 161, 162, 163, 164, 165, 166, 167, 168]",60.0,1.0,55
13169,dots,A3QJ14Y7N8VQ42,history,9,bvpj37io,amullcd9,170,130,"[161, 162, 163, 164, 165, 166, 167, 168, 169]",30.0,0.0,55
13170,dots,A2KENA8X5E2QM0,history,9,bvpj37io,30yy2utx,171,131,"[162, 163, 164, 165, 166, 167, 168, 169, 170]",56.0,1.0,55
13171,dots,A3T823TYKTZEVO,history,9,bvpj37io,2nonoml0,172,132,"[163, 164, 165, 166, 167, 168, 169, 170, 171]",54.0,1.0,55
13172,dots,A22613LATQKY0C,history,9,bvpj37io,2x8sw64p,173,133,"[164, 165, 166, 167, 168, 169, 170, 171, 172]",43.0,0.0,55
13173,dots,A2MQGU4NZZ8V0H,history,9,bvpj37io,paggje8j,174,134,"[165, 166, 167, 168, 169, 170, 171, 172, 173]",54.0,1.0,55
13176,dots,AM3N9RCK24NX5,history,9,bvpj37io,055bqnyd,177,135,"[166, 167, 168, 169, 170, 171, 172, 173, 174]",64.0,0.0,55
13179,dots,A37PKJZ70UGI5U,history,9,bvpj37io,q7gkqrfm,180,136,"[167, 168, 169, 170, 171, 172, 173, 174, 177]",53.0,1.0,55
13180,dots,AV164OG78NF5Z,history,9,bvpj37io,rf0tgwqa,181,137,"[168, 169, 170, 171, 172, 173, 174, 177, 180]",63.0,0.0,55
13181,dots,A3JJG9YLVUNUIX,history,9,bvpj37io,0uyh5d2n,182,138,"[169, 170, 171, 172, 173, 174, 177, 180, 181]",60.0,1.0,55
13182,dots,A2287HLNN9EZ56,history,9,bvpj37io,nag1jmbe,183,139,"[170, 171, 172, 173, 174, 177, 180, 181, 182]",58.0,1.0,55
13183,dots,A245RWGPBVLFGH,history,9,bvpj37io,5i9qkvlf,184,140,"[171, 172, 173, 174, 177, 180, 181, 182, 183]",75.0,0.0,55
13184,dots,A115SW2VTLJ6PA,history,9,bvpj37io,7b5zuah4,185,141,"[172, 173, 174, 177, 180, 181, 182, 183, 184]",35.0,0.0,55
13185,dots,A11DO40YBZO42R,history,9,bvpj37io,xusjmy3b,186,142,"[173, 174, 177, 180, 181, 182, 183, 184, 185]",55.0,1.0,55
13186,dots,AJTKU0XJ7QTME,history,9,bvpj37io,b2dpz9ne,187,143,"[174, 177, 180, 181, 182, 183, 184, 185, 186]",60.0,1.0,55
13188,dots,A3PC3HL7F0CCNB,history,9,bvpj37io,99u03ahk,189,144,"[177, 180, 181, 182, 183, 184, 185, 186, 187]",53.0,1.0,55
13189,dots,ADNTV1IOY0PSJ,history,9,bvpj37io,mypu3k2b,190,145,"[180, 181, 182, 183, 184, 185, 186, 187, 189]",65.0,0.0,55
13190,dots,A27MTWP7NWZT3S,history,9,bvpj37io,1djos207,191,146,"[181, 182, 183, 184, 185, 186, 187, 189, 190]",45.0,0.0,55
13192,dots,A1UEOKV6G0SGOK,history,9,bvpj37io,6c8pzmyz,193,147,"[182, 183, 184, 185, 186, 187, 189, 190, 191]",45.0,0.0,55
13194,dots,A3QFYSGKG0L7JI,history,9,bvpj37io,58ti1ami,195,148,"[183, 184, 185, 186, 187, 189, 190, 191, 193]",35.0,0.0,55
13196,dots,A1LIF69S9IBO86,history,9,bvpj37io,mmvz82t3,197,149,"[184, 185, 186, 187, 189, 190, 191, 193, 195]",54.0,1.0,55
13197,dots,A2S5JE15ITRV7N,history,9,bvpj37io,psbtj6j6,198,150,"[185, 186, 187, 189, 190, 191, 193, 195, 197]",48.0,0.0,55
13198,dots,A3D0QOV2FWXY6J,history,9,bvpj37io,q3koix0x,199,151,"[186, 187, 189, 190, 191, 193, 195, 197, 198]",50.0,1.0,55
13199,dots,A2LSX4F8D3Z0OR,history,9,bvpj37io,wu3jmueb,200,152,"[187, 189, 190, 191, 193, 195, 197, 198, 199]",64.0,0.0,55
13200,dots,AENJ7GDYBENYX,history,9,bvpj37io,jfw4c7na,201,153,"[189, 190, 191, 193, 195, 197, 198, 199, 200]",60.0,1.0,55
13201,dots,A2ESHUE4PV9GIT,history,9,bvpj37io,mme72lzo,202,154,"[190, 191, 193, 195, 197, 198, 199, 200, 201]",67.0,0.0,55
13202,dots,ACBXSXA22U9RC,history,9,bvpj37io,48sjukl6,203,155,"[191, 193, 195, 197, 198, 199, 200, 201, 202]",55.0,1.0,55
13203,dots,A3A7YB1CWKO41V,history,9,bvpj37io,2f2casj7,204,156,"[193, 195, 197, 198, 199, 200, 201, 202, 203]",55.0,1.0,55
13204,dots,A22Q2NUNHP6HMT,history,9,bvpj37io,v526k4l8,205,157,"[195, 197, 198, 199, 200, 201, 202, 203, 204]",66.0,0.0,55
13205,dots,AR9RB946XV0OT,history,9,bvpj37io,b872z94q,206,158,"[197, 198, 199, 200, 201, 202, 203, 204, 205]",54.0,1.0,55
13206,dots,A1WU9UMAIYBME5,history,9,bvpj37io,9wf8gjh3,207,159,"[198, 199, 200, 201, 202, 203, 204, 205, 206]",95.0,0.0,55
13207,dots,AXFR7YKAC6GND,history,9,bvpj37io,dfw9lkpb,208,160,"[199, 200, 201, 202, 203, 204, 205, 206, 207]",42.0,0.0,55
13208,dots,AZ7YG7SPXGZ5T,history,9,bvpj37io,qn583lov,209,161,"[200, 201, 202, 203, 204, 205, 206, 207, 208]",54.0,1.0,55
13209,dots,AKYZNHP7ZFV55,history,9,bvpj37io,1tqax7pz,210,162,"[201, 202, 203, 204, 205, 206, 207, 208, 209]",56.0,1.0,55
13210,dots,A242N48GD73VYS,history,9,bvpj37io,q54zp7kt,211,163,"[202, 203, 204, 205, 206, 207, 208, 209, 210]",57.0,1.0,55
13211,dots,AYUTE88MPK24K,history,9,bvpj37io,jydy2i1n,212,164,"[203, 204, 205, 206, 207, 208, 209, 210, 211]",48.0,0.0,55
13212,dots,ATI0UOO4QC1LR,history,9,bvpj37io,olo59duk,213,165,"[204, 205, 206, 207, 208, 209, 210, 211, 212]",49.0,0.0,55
13214,dots,A2APD7XI09OCIQ,history,9,bvpj37io,6xx0xnti,215,166,"[205, 206, 207, 208, 209, 210, 211, 212, 213]",58.0,1.0,55
13215,dots,A2G7DTL156PTKA,history,9,bvpj37io,lrlgjtb2,216,167,"[206, 207, 208, 209, 210, 211, 212, 213, 215]",65.0,0.0,55
13217,dots,A19P7S5OYZS61Z,history,9,bvpj37io,54sh8t7t,218,168,"[207, 208, 209, 210, 211, 212, 213, 215, 216]",57.0,1.0,55
13218,dots,ABB2ACLWPTA8C,history,9,bvpj37io,nauq9v7a,219,169,"[208, 209, 210, 211, 212, 213, 215, 216, 218]",65.0,0.0,55
13219,dots,A9UBPUEWAMA06,history,9,bvpj37io,1qvkqhi0,220,170,"[209, 210, 211, 212, 213, 215, 216, 218, 219]",58.0,1.0,55
13220,dots,A2NI2HSU84PHJW,history,9,bvpj37io,ia4qx52i,221,171,"[210, 211, 212, 213, 215, 216, 218, 219, 220]",57.0,1.0,55
13221,dots,AC9MEA59UQQ7A,history,9,bvpj37io,87588bjd,222,172,"[211, 212, 213, 215, 216, 218, 219, 220, 221]",65.0,0.0,55
13222,dots,A1EDHCVA75M8WZ,history,9,bvpj37io,gh8kbsxd,223,173,"[212, 213, 215, 216, 218, 219, 220, 221, 222]",58.0,1.0,55
13223,dots,A3TP4A1Z87327Y,history,9,bvpj37io,4il79las,224,174,"[213, 215, 216, 218, 219, 220, 221, 222, 223]",66.0,0.0,55
13225,dots,A2XQVPDOOYHUS7,history,9,bvpj37io,jmhnavq3,226,175,"[215, 216, 218, 219, 220, 221, 222, 223, 224]",55.0,1.0,55
13226,dots,A1ZYEMH000UNB6,history,9,bvpj37io,t4hytgyd,227,176,"[216, 218, 219, 220, 221, 222, 223, 224, 226]",53.0,1.0,55
13227,dots,A1VVR9MA1P9HWJ,history,9,bvpj37io,bucr43nw,228,177,"[218, 219, 220, 221, 222, 223, 224, 226, 227]",54.0,1.0,55
13228,dots,A1ER6B1KB5OJ7F,history,9,bvpj37io,edm274g5,229,178,"[219, 220, 221, 222, 223, 224, 226, 227, 228]",52.0,1.0,55
13229,dots,ADJ6HSU1QWJKA,history,9,bvpj37io,g23erzc5,230,179,"[220, 221, 222, 223, 224, 226, 227, 228, 229]",54.0,1.0,55
13230,dots,A2BLP3G105MLH1,history,9,bvpj37io,9j8gblo9,231,180,"[221, 222, 223, 224, 226, 227, 228, 229, 230]",55.0,1.0,55
13231,dots,AFQNXOCQH4ZSY,history,9,bvpj37io,iwwepwdb,232,181,"[222, 223, 224, 226, 227, 228, 229, 230, 231]",52.0,1.0,55
13232,dots,A37CE37LHUN8M6,history,9,bvpj37io,1izprz1r,233,182,"[223, 224, 226, 227, 228, 229, 230, 231, 232]",79.0,0.0,55
13233,dots,A2HWXD63F0FD21,history,9,bvpj37io,zw3q08pu,234,183,"[224, 226, 227, 228, 229, 230, 231, 232, 233]",77.0,0.0,55
13234,dots,AE1HEITQW5XA2,history,9,bvpj37io,llm8gju3,235,184,"[226, 227, 228, 229, 230, 231, 232, 233, 234]",81.0,0.0,55
13236,dots,AIU3GOYA20Q4S,history,9,bvpj37io,uokeisgg,237,185,"[227, 228, 229, 230, 231, 232, 233, 234, 235]",55.0,1.0,55
13238,dots,A2Q8PJ2NY0DJO5,history,9,bvpj37io,gnvi6pup,239,186,"[228, 229, 230, 231, 232, 233, 234, 235, 237]",54.0,1.0,55
13240,dots,A1ZSZ9LDHAYECQ,history,9,bvpj37io,g46b5vzd,241,187,"[229, 230, 231, 232, 233, 234, 235, 237, 239]",63.0,0.0,55
13241,dots,AC35IOBPKOC4K,history,9,bvpj37io,6vkf79lm,242,188,"[230, 231, 232, 233, 234, 235, 237, 239, 241]",45.0,0.0,55
13242,dots,AYIFDKD8FZIZ9,history,9,bvpj37io,6dk3ymg3,243,189,"[231, 232, 233, 234, 235, 237, 239, 241, 242]",71.0,0.0,55
13243,dots,A2IBTYRQIZX1N6,history,9,bvpj37io,593uvv2g,244,190,"[232, 233, 234, 235, 237, 239, 241, 242, 243]",48.0,0.0,55
13244,dots,A2GY8FV96EVCZN,history,9,bvpj37io,s28x855z,245,191,"[233, 234, 235, 237, 239, 241, 242, 243, 244]",54.0,1.0,55
13245,dots,A142K2FU0YWNSC,history,9,bvpj37io,modjzgpv,246,192,"[234, 235, 237, 239, 241, 242, 243, 244, 245]",45.0,0.0,55
13246,dots,A2580M0CWLIZX3,history,9,bvpj37io,uo4hta7y,247,193,"[235, 237, 239, 241, 242, 243, 244, 245, 246]",200.0,0.0,55
13247,dots,A3PV3QBXXQ7ASS,history,9,bvpj37io,3ka5h558,248,194,"[237, 239, 241, 242, 243, 244, 245, 246, 247]",45.0,0.0,55
13249,dots,A15HCM2AMX95Z9,history,9,bvpj37io,etpz5uzf,250,195,"[239, 241, 242, 243, 244, 245, 246, 247, 248]",65.0,0.0,55
13250,dots,A3EGOJCE85CS4I,history,9,bvpj37io,kqits961,251,196,"[241, 242, 243, 244, 245, 246, 247, 248, 250]",53.0,1.0,55
13251,dots,AWJ0LF6A0LXJN,history,9,bvpj37io,e47no2ma,252,197,"[242, 243, 244, 245, 246, 247, 248, 250, 251]",55.0,1.0,55
13252,dots,A1MDOWPQ04PFYB,history,9,bvpj37io,kuiz34ud,253,198,"[243, 244, 245, 246, 247, 248, 250, 251, 252]",76.0,0.0,55
13253,dots,A1582QKP229GSF,history,9,bvpj37io,l1ms79ut,254,199,"[244, 245, 246, 247, 248, 250, 251, 252, 253]",53.0,1.0,55
13254,dots,A2D9E07Q323OGG,history,9,bvpj37io,m3xun2nm,255,200,"[245, 246, 247, 248, 250, 251, 252, 253, 254]",55.0,1.0,55
13255,dots,ABN9IUIM1YA7Y,history,9,bvpj37io,a77vvujl,256,201,"[246, 247, 248, 250, 251, 252, 253, 254, 255]",63.0,0.0,55
13256,dots,ATZ6GERYJ2LSK,history,9,bvpj37io,mexxa49g,257,202,"[247, 248, 250, 251, 252, 253, 254, 255, 256]",47.0,0.0,55
13257,dots,AEG3HWIJEY9YJ,history,9,bvpj37io,4uzlk21i,258,203,"[248, 250, 251, 252, 253, 254, 255, 256, 257]",60.0,1.0,55
13258,dots,A36PRTZFECB76C,history,9,bvpj37io,8180f4h8,259,204,"[250, 251, 252, 253, 254, 255, 256, 257, 258]",110.0,0.0,55
13259,dots,A1P3I7YCWXF9YG,history,9,bvpj37io,65f10tay,260,205,"[251, 252, 253, 254, 255, 256, 257, 258, 259]",45.0,0.0,55
13261,dots,A2H9GCED75EGNT,history,9,bvpj37io,0iggilbr,262,206,"[252, 253, 254, 255, 256, 257, 258, 259, 260]",60.0,1.0,55
13262,dots,AHA2SC33XN01H,history,9,bvpj37io,po01hfyl,263,207,"[253, 254, 255, 256, 257, 258, 259, 260, 262]",63.0,0.0,55
13263,dots,A188ECCFBDXI1O,history,9,bvpj37io,r70kp66y,264,208,"[254, 255, 256, 257, 258, 259, 260, 262, 263]",50.0,1.0,55
13265,dots,A1YW9HJIQ6TOPS,history,9,bvpj37io,7nescs1p,266,209,"[255, 256, 257, 258, 259, 260, 262, 263, 264]",58.0,1.0,55
13264,dots,A3IMSZ0F76M3UP,history,9,bvpj37io,uz9tq15c,265,210,"[256, 257, 258, 259, 260, 262, 263, 264, 266]",57.0,1.0,55
13266,dots,A2YE7NBCK14VAQ,history,9,bvpj37io,ym1qn7jj,267,211,"[257, 258, 259, 260, 262, 263, 264, 266, 265]",45.0,0.0,55
13268,dots,AV8O84CPC5TNI,history,9,bvpj37io,os2e0eyp,269,212,"[258, 259, 260, 262, 263, 264, 266, 265, 267]",46.0,0.0,55
13270,dots,A3467HU0QE1BPO,history,9,bvpj37io,lmjcud5g,271,213,"[259, 260, 262, 263, 264, 266, 265, 267, 269]",63.0,0.0,55
13272,dots,A22X4H4XWMRFG7,history,9,bvpj37io,dqnhsx5f,273,214,"[260, 262, 263, 264, 266, 265, 267, 269, 271]",40.0,0.0,55
13271,dots,A1X9OTML2CUQBD,history,9,bvpj37io,ylagyd9l,272,215,"[262, 263, 264, 266, 265, 267, 269, 271, 273]",55.0,1.0,55
13273,dots,A3IB7YJHP04OHI,history,9,bvpj37io,wcbp6ytq,274,216,"[263, 264, 266, 265, 267, 269, 271, 273, 272]",60.0,1.0,55
13274,dots,ATUCGR0S3K69G,history,9,bvpj37io,2cccgy0t,275,217,"[264, 266, 265, 267, 269, 271, 273, 272, 274]",57.0,1.0,55
13275,dots,A2WETCIWJT79CQ,history,9,bvpj37io,zvei9lpi,276,218,"[266, 265, 267, 269, 271, 273, 272, 274, 275]",55.0,1.0,55
13276,dots,ABQM9FJ6AXPCO,history,9,bvpj37io,u7c594h3,277,219,"[265, 267, 269, 271, 273, 272, 274, 275, 276]",60.0,1.0,55
13277,dots,A30UE6DWFNUCWX,history,9,bvpj37io,t9od9rgu,278,220,"[267, 269, 271, 273, 272, 274, 275, 276, 277]",60.0,1.0,55
13278,dots,AUB4G0UAESKNQ,history,9,bvpj37io,xwftkr69,279,221,"[269, 271, 273, 272, 274, 275, 276, 277, 278]",35.0,0.0,55
13279,dots,A2TFI1YWN3UY0,history,9,bvpj37io,uatglwbq,280,222,"[271, 273, 272, 274, 275, 276, 277, 278, 279]",48.0,0.0,55
13280,dots,A2DEEZJKHFVO9J,history,9,bvpj37io,wte02b3j,281,223,"[273, 272, 274, 275, 276, 277, 278, 279, 280]",58.0,1.0,55
13281,dots,A1M0QYZBOX2FSF,history,9,bvpj37io,pc4r5n3f,282,224,"[272, 274, 275, 276, 277, 278, 279, 280, 281]",38.0,0.0,55
13282,dots,A3AUMRISP5ARAR,history,9,bvpj37io,sbv4m0yf,283,225,"[274, 275, 276, 277, 278, 279, 280, 281, 282]",48.0,0.0,55
13283,dots,A23XF0FWALCX83,history,9,bvpj37io,uijulw3m,284,226,"[275, 276, 277, 278, 279, 280, 281, 282, 283]",45.0,0.0,55
13285,dots,A7B2Y319WCO02,history,9,bvpj37io,o2rvdwkz,286,227,"[276, 277, 278, 279, 280, 281, 282, 283, 284]",57.0,1.0,55
13286,dots,AOU67ZIJ94T1T,history,9,bvpj37io,17vc2rmx,287,228,"[277, 278, 279, 280, 281, 282, 283, 284, 286]",65.0,0.0,55
13287,dots,A2APJBWVHEFR9Q,history,9,bvpj37io,qrtrdf6p,288,229,"[278, 279, 280, 281, 282, 283, 284, 286, 287]",50.0,1.0,55
13288,dots,A112W2FKT6UT62,history,9,bvpj37io,7321zu2r,289,230,"[279, 280, 281, 282, 283, 284, 286, 287, 288]",71.0,0.0,55
13289,dots,A3ELW6K7KL2K2U,history,9,bvpj37io,wicb3c66,290,231,"[280, 281, 282, 283, 284, 286, 287, 288, 289]",65.0,0.0,55
13290,dots,A282FEI8KIJ9B,history,9,bvpj37io,5j7jo7mu,291,232,"[281, 282, 283, 284, 286, 287, 288, 289, 290]",49.0,0.0,55
13292,dots,A3P9SYPBQPT8VF,history,9,bvpj37io,taw5uuhd,293,233,"[282, 283, 284, 286, 287, 288, 289, 290, 291]",67.0,0.0,55
13293,dots,A1SS126YBGHYHB,history,9,bvpj37io,aej1yv9k,294,234,"[283, 284, 286, 287, 288, 289, 290, 291, 293]",54.0,1.0,55
13294,dots,A1GRPIBHW72HDU,history,9,bvpj37io,fjggq8zk,295,235,"[284, 286, 287, 288, 289, 290, 291, 293, 294]",62.0,0.0,55
13295,dots,A39AF2Q55LYQOF,history,9,bvpj37io,57jz3y7b,296,236,"[286, 287, 288, 289, 290, 291, 293, 294, 295]",56.0,1.0,55
13297,dots,A1GTK51EOSCJOV,history,9,bvpj37io,f9jbywxz,298,237,"[287, 288, 289, 290, 291, 293, 294, 295, 296]",56.0,1.0,55
13298,dots,A3SHFOPG16PGNX,history,9,bvpj37io,a4umcfc3,299,238,"[288, 289, 290, 291, 293, 294, 295, 296, 298]",70.0,0.0,55
13299,dots,A1DUPOUC9RNU4L,history,9,bvpj37io,3nq07os2,300,239,"[289, 290, 291, 293, 294, 295, 296, 298, 299]",44.0,0.0,55
13300,dots,A39BTLOMORC325,history,9,bvpj37io,ujywrdnr,301,240,"[290, 291, 293, 294, 295, 296, 298, 299, 300]",63.0,0.0,55
13301,dots,A10S5LDYYYB496,history,9,bvpj37io,6qa9uovj,302,241,"[291, 293, 294, 295, 296, 298, 299, 300, 301]",55.0,1.0,55
13302,dots,A1X9CNWV8VXK4M,history,9,bvpj37io,le43sixg,303,242,"[293, 294, 295, 296, 298, 299, 300, 301, 302]",54.0,1.0,55
13303,dots,A33Z8XPZ94UGT2,history,9,bvpj37io,vfp8eeou,304,243,"[294, 295, 296, 298, 299, 300, 301, 302, 303]",66.0,0.0,55
13304,dots,AA5ZDXAA2DLY1,history,9,bvpj37io,8mt36bls,305,244,"[295, 296, 298, 299, 300, 301, 302, 303, 304]",67.0,0.0,55
13305,dots,AP176H3OCT33P,history,9,bvpj37io,rsl35dit,306,245,"[296, 298, 299, 300, 301, 302, 303, 304, 305]",72.0,0.0,55
13306,dots,A27EEB5R0EKUL,history,9,bvpj37io,50s9311z,307,246,"[298, 299, 300, 301, 302, 303, 304, 305, 306]",55.0,1.0,55
13307,dots,A3PY4BA4JZ22CV,history,9,bvpj37io,ah7rvu3x,308,247,"[299, 300, 301, 302, 303, 304, 305, 306, 307]",55.0,1.0,55
13308,dots,AKASOE05VGKQX,history,9,bvpj37io,0hzamgjl,309,248,"[300, 301, 302, 303, 304, 305, 306, 307, 308]",61.0,0.0,55
13309,dots,A1QHVJMI5YNWQ9,history,9,bvpj37io,gq9bmryx,310,249,"[301, 302, 303, 304, 305, 306, 307, 308, 309]",50.0,1.0,55
13311,dots,A3HZLVRUTQC2G6,history,9,bvpj37io,ocp43o1y,312,250,"[302, 303, 304, 305, 306, 307, 308, 309, 310]",57.0,1.0,55
13312,dots,AOQLKH7YTY86M,history,9,bvpj37io,0neiie6u,313,251,"[303, 304, 305, 306, 307, 308, 309, 310, 312]",50.0,1.0,55
13313,dots,A3JQSSXWJLKRVZ,history,9,bvpj37io,y1kqmp59,314,252,"[304, 305, 306, 307, 308, 309, 310, 312, 313]",60.0,1.0,55
13314,dots,A19M6CYM4B8WP2,history,9,bvpj37io,29k8yjqn,315,253,"[305, 306, 307, 308, 309, 310, 312, 313, 314]",55.0,1.0,55
13315,dots,A3DZGDF9HCTAOB,history,9,bvpj37io,8deriqpu,316,254,"[306, 307, 308, 309, 310, 312, 313, 314, 315]",55.0,1.0,55
13316,dots,A1VHFLDO4EPKT4,history,9,bvpj37io,v2a6ken3,317,255,"[307, 308, 309, 310, 312, 313, 314, 315, 316]",66.0,0.0,55
13317,dots,A2QNLENFW52IHJ,history,9,bvpj37io,jjgex74e,318,256,"[308, 309, 310, 312, 313, 314, 315, 316, 317]",72.0,0.0,55
13318,dots,A12GME5CM4AJA4,history,9,bvpj37io,dalhp0h1,319,257,"[309, 310, 312, 313, 314, 315, 316, 317, 318]",72.0,0.0,55
13319,dots,AHQTJ7T6YLSAB,history,9,bvpj37io,vu1drpio,320,258,"[310, 312, 313, 314, 315, 316, 317, 318, 319]",60.0,1.0,55
13320,dots,AP43EYS9D1Z9E,history,9,bvpj37io,x22pswg5,321,259,"[312, 313, 314, 315, 316, 317, 318, 319, 320]",75.0,0.0,55
13321,dots,ATGVFPQN93ZCE,history,9,bvpj37io,1d08rtzl,322,260,"[313, 314, 315, 316, 317, 318, 319, 320, 321]",55.0,1.0,55
13322,dots,A10XHMO4WP3TFA,history,9,bvpj37io,zo1bdw8i,323,261,"[314, 315, 316, 317, 318, 319, 320, 321, 322]",66.0,0.0,55
13323,dots,AH8K3PCLP8CL2,history,9,bvpj37io,jwuwnl2t,324,262,"[315, 316, 317, 318, 319, 320, 321, 322, 323]",74.0,0.0,55
13324,dots,A28C2TMH614ZO9,history,9,bvpj37io,hfehn36o,325,263,"[316, 317, 318, 319, 320, 321, 322, 323, 324]",63.0,0.0,55
13325,dots,A1WYMR7MGOCO83,history,9,bvpj37io,ihap28ys,326,264,"[317, 318, 319, 320, 321, 322, 323, 324, 325]",60.0,1.0,55
13327,dots,A31MG84H0RQQB9,history,9,bvpj37io,4qir6tfn,328,265,"[318, 319, 320, 321, 322, 323, 324, 325, 326]",55.0,1.0,55
13328,dots,ARHM06ZVMD66V,history,9,bvpj37io,5blsdmv4,329,266,"[319, 320, 321, 322, 323, 324, 325, 326, 328]",66.0,0.0,55
13329,dots,A23XRFFCREHXT3,history,9,bvpj37io,n4v5x57m,330,267,"[320, 321, 322, 323, 324, 325, 326, 328, 329]",85.0,0.0,55
13330,dots,A1DINOR5IK1YC4,history,9,bvpj37io,tpv3clol,331,268,"[321, 322, 323, 324, 325, 326, 328, 329, 330]",55.0,1.0,55
13331,dots,A1NBL7SEC9S3JX,history,9,bvpj37io,9oqpe828,332,269,"[322, 323, 324, 325, 326, 328, 329, 330, 331]",42.0,0.0,55
13332,dots,AH4QNMYBTB3PG,history,9,bvpj37io,quba9vw4,333,270,"[323, 324, 325, 326, 328, 329, 330, 331, 332]",66.0,0.0,55
13333,dots,AG4LSED06GB08,history,9,bvpj37io,4pkq7cwc,334,271,"[324, 325, 326, 328, 329, 330, 331, 332, 333]",56.0,1.0,55
13334,dots,A1TXCO12MCTP8P,history,9,bvpj37io,o2jsl50x,335,272,"[325, 326, 328, 329, 330, 331, 332, 333, 334]",75.0,0.0,55
13336,dots,A1X8YRYS8MBDWX,history,9,bvpj37io,ximvzytf,337,273,"[326, 328, 329, 330, 331, 332, 333, 334, 335]",63.0,0.0,55
13337,dots,A20863ETFAXW1D,history,9,bvpj37io,icm6g9xj,338,274,"[328, 329, 330, 331, 332, 333, 334, 335, 337]",50.0,1.0,55
13339,dots,A1L8MS88CH35ZP,history,9,bvpj37io,pl3u9yrm,340,275,"[329, 330, 331, 332, 333, 334, 335, 337, 338]",50.0,1.0,55
13340,dots,A1B7EALA94AGW1,history,9,bvpj37io,990plzkf,341,276,"[330, 331, 332, 333, 334, 335, 337, 338, 340]",76.0,0.0,55
13341,dots,A3P2PAD4UHX44I,history,9,bvpj37io,vpdyenz6,342,277,"[331, 332, 333, 334, 335, 337, 338, 340, 341]",60.0,1.0,55
13342,dots,A2DT9AU9BXZS1W,history,9,bvpj37io,cp8h4hoo,343,278,"[332, 333, 334, 335, 337, 338, 340, 341, 342]",63.0,0.0,55
13343,dots,A3J0X7ZQAXLFPI,history,9,bvpj37io,108vigep,344,279,"[333, 334, 335, 337, 338, 340, 341, 342, 343]",54.0,1.0,55
13345,dots,A1EEUA397IZZPX,history,9,bvpj37io,ofwo0mkx,346,280,"[334, 335, 337, 338, 340, 341, 342, 343, 344]",49.0,0.0,55
13346,dots,A2Q6JYLG4KY958,history,9,bvpj37io,cudbm6t0,347,281,"[335, 337, 338, 340, 341, 342, 343, 344, 346]",55.0,1.0,55
13347,dots,A3HITJTDC78UVZ,history,9,bvpj37io,dt2lvht2,348,282,"[337, 338, 340, 341, 342, 343, 344, 346, 347]",68.0,0.0,55
13348,dots,A2YTQDLACTLIBA,history,9,bvpj37io,h7e8pler,349,283,"[338, 340, 341, 342, 343, 344, 346, 347, 348]",66.0,0.0,55
13349,dots,A3T1FM3126RW25,history,9,bvpj37io,3d5xi856,350,284,"[340, 341, 342, 343, 344, 346, 347, 348, 349]",51.0,1.0,55
13350,dots,A2TI9CGVG147MZ,history,9,bvpj37io,y1twlvpd,351,285,"[341, 342, 343, 344, 346, 347, 348, 349, 350]",59.0,1.0,55
13359,dots,AY7118XTQ3FDG,history,9,bvpj37io,seg0degp,360,286,"[342, 343, 344, 346, 347, 348, 349, 350, 351]",58.0,1.0,55
13352,dots,A1NKK0XEBRJUVH,history,9,bvpj37io,ywhe9l08,353,287,"[343, 344, 346, 347, 348, 349, 350, 351, 360]",68.0,0.0,55
13356,dots,A13C46Z6HYKJ4N,history,9,bvpj37io,8fm7hijz,357,288,"[344, 346, 347, 348, 349, 350, 351, 360, 353]",80.0,0.0,55
13355,dots,AJNQDG8RPYULZ,history,9,bvpj37io,14ch8dqo,356,289,"[346, 347, 348, 349, 350, 351, 360, 353, 357]",46.0,0.0,55
13357,dots,A1Q6BCD26I084Z,history,9,bvpj37io,ski36b6n,358,290,"[347, 348, 349, 350, 351, 360, 353, 357, 356]",68.0,0.0,55
13351,dots,A1BVG13MHBM1YD,history,9,bvpj37io,iqwk1syi,352,291,"[348, 349, 350, 351, 360, 353, 357, 356, 358]",55.0,1.0,55
13362,dots,A3QUWIT972BYUH,history,9,bvpj37io,9uxt3s9s,363,292,"[349, 350, 351, 360, 353, 357, 356, 358, 352]",80.0,0.0,55
13358,dots,A30MP4LXV4MIFD,history,9,bvpj37io,g0ql4u9v,359,293,"[350, 351, 360, 353, 357, 356, 358, 352, 363]",57.0,1.0,55
13364,dots,ASW9MABLSXSPK,history,9,bvpj37io,ghhab55r,365,294,"[351, 360, 353, 357, 356, 358, 352, 363, 359]",56.0,1.0,55
13369,dots,A2EJLS2NDBTQHX,history,9,bvpj37io,wj037n3k,370,295,"[360, 353, 357, 356, 358, 352, 363, 359, 365]",55.0,1.0,55
13370,dots,A24LUXW1DB1QI5,history,9,bvpj37io,2gi9mnq3,371,296,"[353, 357, 356, 358, 352, 363, 359, 365, 370]",78.0,0.0,55
13373,dots,A2NL38BFEE3BVY,history,9,bvpj37io,7k4utfx7,374,297,"[357, 356, 358, 352, 363, 359, 365, 370, 371]",54.0,1.0,55
13368,dots,A13GUTDMGGZZDL,history,9,bvpj37io,f3izkjuf,369,298,"[356, 358, 352, 363, 359, 365, 370, 371, 374]",43.0,0.0,55
13375,dots,A150CIC6SJN8JC,history,9,bvpj37io,bomgg9ha,376,299,"[358, 352, 363, 359, 365, 370, 371, 374, 369]",32.0,0.0,55
13376,dots,AGQ12PTGHKMDU,history,9,bvpj37io,2o2hr0dp,377,300,"[352, 363, 359, 365, 370, 371, 374, 369, 376]",57.0,1.0,55
13378,dots,A1LEWF3XCAKF39,history,9,bvpj37io,cdt4tduu,379,301,"[363, 359, 365, 370, 371, 374, 369, 376, 377]",54.0,1.0,55
13377,dots,APNTEGPF7QZQI,history,9,bvpj37io,adodcxsy,378,302,"[359, 365, 370, 371, 374, 369, 376, 377, 379]",49.0,0.0,55
13379,dots,A1VPE05UDNFKGV,history,9,bvpj37io,wvm0z7rl,380,303,"[365, 370, 371, 374, 369, 376, 377, 379, 378]",41.0,0.0,55
13380,dots,A3SOJWB6AZWZV9,history,9,bvpj37io,ku1nfrus,381,304,"[370, 371, 374, 369, 376, 377, 379, 378, 380]",64.0,0.0,55
13382,dots,AJPQEZBVJXVE9,history,9,bvpj37io,7wq0s7qg,383,305,"[371, 374, 369, 376, 377, 379, 378, 380, 381]",55.0,1.0,55
13383,dots,A1AMORY4GNJNWA,history,9,bvpj37io,4roceelr,384,306,"[374, 369, 376, 377, 379, 378, 380, 381, 383]",70.0,0.0,55
13381,dots,A1B4KC5KP7FH1Z,history,9,bvpj37io,db1cgo48,382,307,"[369, 376, 377, 379, 378, 380, 381, 383, 384]",52.0,1.0,55
13384,dots,A2ELDYT1S772YH,history,9,bvpj37io,m8om8r7b,385,308,"[376, 377, 379, 378, 380, 381, 383, 384, 382]",80.0,0.0,55
13386,dots,A3DA01IWS97M30,history,9,bvpj37io,wpqq9s5l,387,309,"[377, 379, 378, 380, 381, 383, 384, 382, 385]",48.0,0.0,55
13385,dots,AOO1OPH6P8BUM,history,9,bvpj37io,lb5ovyu9,386,310,"[379, 378, 380, 381, 383, 384, 382, 385, 387]",55.0,0.0,55
13387,dots,A3KT7FHYY6PF2P,history,9,bvpj37io,8otcwgjk,388,311,"[378, 380, 381, 383, 384, 382, 385, 387, 386]",54.0,1.0,55
13388,dots,AIOOOO5OXWXKM,history,9,bvpj37io,zp9khbac,389,312,"[380, 381, 383, 384, 382, 385, 387, 386, 388]",46.0,0.0,55
13390,dots,A15A984KE7R40O,history,9,bvpj37io,4wqigwd8,391,313,"[381, 383, 384, 382, 385, 387, 386, 388, 389]",55.0,1.0,55
13391,dots,A2R89RXGEVG05I,history,9,bvpj37io,0ob80m07,392,314,"[383, 384, 382, 385, 387, 386, 388, 389, 391]",50.0,1.0,55
13392,dots,AA4O2W236E3FW,history,9,bvpj37io,80f73vr0,393,315,"[384, 382, 385, 387, 386, 388, 389, 391, 392]",60.0,1.0,55
13393,dots,AYSG3J2U3UF1Y,history,9,bvpj37io,67xqkngg,394,316,"[382, 385, 387, 386, 388, 389, 391, 392, 393]",75.0,0.0,55
13394,dots,A722ZJG72NYW9,history,9,bvpj37io,xj4b1q3w,395,317,"[385, 387, 386, 388, 389, 391, 392, 393, 394]",75.0,0.0,55
13395,dots,A243EPKB9EW005,history,9,bvpj37io,5aujyixu,396,318,"[387, 386, 388, 389, 391, 392, 393, 394, 395]",59.0,1.0,55
13397,dots,A2XKIP0PJ3FJ20,history,9,bvpj37io,9sxwmxd8,398,319,"[386, 388, 389, 391, 392, 393, 394, 395, 396]",60.0,1.0,55
13399,dots,A2GYXEC3JBVINM,history,9,bvpj37io,up3rxxlm,400,320,"[388, 389, 391, 392, 393, 394, 395, 396, 398]",62.0,0.0,55
13398,dots,A1A2X0T1XE8K89,history,9,bvpj37io,qzczawj2,399,321,"[389, 391, 392, 393, 394, 395, 396, 398, 400]",55.0,1.0,55
13400,dots,A1NOHVLPYWB0TP,history,9,bvpj37io,vlsmx12w,401,322,"[391, 392, 393, 394, 395, 396, 398, 400, 399]",50.0,1.0,55
13401,dots,A2N60SO0ZII36H,history,9,bvpj37io,3b39phdz,402,323,"[392, 393, 394, 395, 396, 398, 400, 399, 401]",56.0,1.0,55
13403,dots,A1SKAGZXTWZW9D,history,9,bvpj37io,efyetg80,404,324,"[393, 394, 395, 396, 398, 400, 399, 401, 402]",53.0,1.0,55
13405,dots,A2QLH3VGW3WFJH,history,9,bvpj37io,mpghl1ht,406,325,"[394, 395, 396, 398, 400, 399, 401, 402, 404]",55.0,1.0,55
13407,dots,A24UH2N4C1UXDJ,history,9,bvpj37io,ia9wp969,408,326,"[395, 396, 398, 400, 399, 401, 402, 404, 406]",59.0,1.0,55
13408,dots,A2VXMRI706CDGI,history,9,bvpj37io,uzqqjvxj,409,327,"[396, 398, 400, 399, 401, 402, 404, 406, 408]",64.0,0.0,55
13409,dots,A2MCRVU8I9VNHG,history,9,bvpj37io,fqvetjwn,410,328,"[398, 400, 399, 401, 402, 404, 406, 408, 409]",55.0,1.0,55
13410,dots,A1WRD2K9USCOAV,history,9,bvpj37io,f1tlfrin,411,329,"[400, 399, 401, 402, 404, 406, 408, 409, 410]",55.0,1.0,55
13411,dots,A49HPQ9P5AHU4,history,9,bvpj37io,6bhms9mh,412,330,"[399, 401, 402, 404, 406, 408, 409, 410, 411]",53.0,1.0,55
13412,dots,AK884VX5S74ZW,history,9,bvpj37io,dux9qne7,413,331,"[401, 402, 404, 406, 408, 409, 410, 411, 412]",56.0,1.0,55
13413,dots,A2TNIHT3WDQHF6,history,9,bvpj37io,y161zlbo,414,332,"[402, 404, 406, 408, 409, 410, 411, 412, 413]",57.0,1.0,55
13414,dots,A5HIOTE3NTE2W,history,9,bvpj37io,aaaydj22,415,333,"[404, 406, 408, 409, 410, 411, 412, 413, 414]",54.0,1.0,55
13415,dots,A37VBAMFEQKJO4,history,9,bvpj37io,d2zys6re,416,334,"[406, 408, 409, 410, 411, 412, 413, 414, 415]",97.0,0.0,55
13416,dots,A1WEA679DRL122,history,9,bvpj37io,0htzc94h,417,335,"[408, 409, 410, 411, 412, 413, 414, 415, 416]",49.0,0.0,55
13417,dots,A351P2O6QGTCS,history,9,bvpj37io,ef3pkmhk,418,336,"[409, 410, 411, 412, 413, 414, 415, 416, 417]",75.0,0.0,55
13418,dots,A2KTQ9M7CW05XF,history,9,bvpj37io,sikuktv5,419,337,"[410, 411, 412, 413, 414, 415, 416, 417, 418]",51.0,1.0,55
13419,dots,A2H5V1V8QIY8Y7,history,9,bvpj37io,4447pr7m,420,338,"[411, 412, 413, 414, 415, 416, 417, 418, 419]",40.0,0.0,55
13420,dots,A2OATZCX1YXE77,history,9,bvpj37io,zbhg50wq,421,339,"[412, 413, 414, 415, 416, 417, 418, 419, 420]",60.0,1.0,55
13421,dots,A1TGV7LT6LTIQU,history,9,bvpj37io,ttz5b4si,422,340,"[413, 414, 415, 416, 417, 418, 419, 420, 421]",49.0,0.0,55
13422,dots,A1QNHP262DXUDH,history,9,bvpj37io,wosiqhi1,423,341,"[414, 415, 416, 417, 418, 419, 420, 421, 422]",75.0,0.0,55
13423,dots,A2EXVS1NTRBF5V,history,9,bvpj37io,bujj3hbe,424,342,"[415, 416, 417, 418, 419, 420, 421, 422, 423]",41.0,0.0,55
13424,dots,ALCVGNUURF8LQ,history,9,bvpj37io,h0btlvbf,425,343,"[416, 417, 418, 419, 420, 421, 422, 423, 424]",47.0,0.0,55
13425,dots,A3P7UAEQM9EN2T,history,9,bvpj37io,5h53ybrj,426,344,"[417, 418, 419, 420, 421, 422, 423, 424, 425]",57.0,1.0,55
13426,dots,A2JA97HIWWM086,history,9,bvpj37io,akqbiqi2,427,345,"[418, 419, 420, 421, 422, 423, 424, 425, 426]",35.0,0.0,55
13427,dots,A2NX08I5DFI8ZR,history,9,bvpj37io,7xrw4sfh,428,346,"[419, 420, 421, 422, 423, 424, 425, 426, 427]",34.0,0.0,55
13428,dots,A15A872WYCBJXI,history,9,bvpj37io,jskqr5nm,429,347,"[420, 421, 422, 423, 424, 425, 426, 427, 428]",55.0,1.0,55
13430,dots,A13VM24YC4SOFT,history,9,bvpj37io,1u3n86s3,431,348,"[421, 422, 423, 424, 425, 426, 427, 428, 429]",53.0,1.0,55
13431,dots,ASAH67W5LWK3C,history,9,bvpj37io,33cpr1bd,432,349,"[422, 423, 424, 425, 426, 427, 428, 429, 431]",55.0,1.0,55
13433,dots,A2ZFX77RLYNYFE,history,9,bvpj37io,2yhk6jqp,434,350,"[423, 424, 425, 426, 427, 428, 429, 431, 432]",55.0,1.0,55
13434,dots,AHY3CGIE1J7OX,history,9,bvpj37io,pmnug7aa,435,351,"[424, 425, 426, 427, 428, 429, 431, 432, 434]",69.0,0.0,55
13435,dots,A5P4NZBHLQIU5,history,9,bvpj37io,ddyn7rq9,436,352,"[425, 426, 427, 428, 429, 431, 432, 434, 435]",57.0,1.0,55
13436,dots,A32G06L5LXJ4C3,history,9,bvpj37io,piwgrbd8,437,353,"[426, 427, 428, 429, 431, 432, 434, 435, 436]",53.0,0.0,55
13438,dots,A19HS6ON7R2KBP,history,9,bvpj37io,yfgygnj8,439,354,"[427, 428, 429, 431, 432, 434, 435, 436, 437]",60.0,1.0,55
13440,dots,A3H8M155NBFE1L,history,9,bvpj37io,v50qhmai,441,355,"[428, 429, 431, 432, 434, 435, 436, 437, 439]",55.0,1.0,55
13443,dots,A1I0DV4B4MFQCL,history,9,bvpj37io,b2omsoz4,444,356,"[429, 431, 432, 434, 435, 436, 437, 439, 441]",57.0,1.0,55
13444,dots,A36XTKYLP4IRDN,history,9,bvpj37io,mgo5nonp,445,357,"[431, 432, 434, 435, 436, 437, 439, 441, 444]",60.0,1.0,55
13445,dots,AFG445UR3ERNT,history,9,bvpj37io,561cegqr,446,358,"[432, 434, 435, 436, 437, 439, 441, 444, 445]",60.0,1.0,55
13446,dots,A3GMX5NBDE9MOZ,history,9,bvpj37io,8e0e4q02,447,359,"[434, 435, 436, 437, 439, 441, 444, 445, 446]",50.0,1.0,55
13447,dots,A1IPD4WBT3A5GG,history,9,bvpj37io,9fh1267j,448,360,"[435, 436, 437, 439, 441, 444, 445, 446, 447]",81.0,0.0,55
13449,dots,AWGIQKK3G77LV,history,9,bvpj37io,sreiw17x,450,361,"[436, 437, 439, 441, 444, 445, 446, 447, 448]",55.0,1.0,55
13451,dots,AVD6HMIO1HLFI,history,9,bvpj37io,717k3q27,452,362,"[437, 439, 441, 444, 445, 446, 447, 448, 450]",63.0,0.0,55
13452,dots,A38HEYRS7LPUSD,history,9,bvpj37io,ea9p25q8,453,363,"[439, 441, 444, 445, 446, 447, 448, 450, 452]",57.0,1.0,55
13454,dots,A3CDJ8PZX578GQ,history,9,bvpj37io,kys5ay6p,455,364,"[441, 444, 445, 446, 447, 448, 450, 452, 453]",54.0,1.0,55
13455,dots,A90FR90GQLKMC,history,9,bvpj37io,oe0nfnrk,456,365,"[444, 445, 446, 447, 448, 450, 452, 453, 455]",65.0,0.0,55
13456,dots,A2YS1UEOU64B4B,history,9,bvpj37io,ag2dsqy0,457,366,"[445, 446, 447, 448, 450, 452, 453, 455, 456]",55.0,1.0,55
13457,dots,A8RDXT4ZILHQT,history,9,bvpj37io,45cyxawq,458,367,"[446, 447, 448, 450, 452, 453, 455, 456, 457]",53.0,1.0,55
13458,dots,A2S0MB5JFG8DF,history,9,bvpj37io,nq16iphy,459,368,"[447, 448, 450, 452, 453, 455, 456, 457, 458]",57.0,0.0,55
13459,dots,A3O4XKCVGK7QRD,history,9,bvpj37io,7qnizufr,460,369,"[448, 450, 452, 453, 455, 456, 457, 458, 459]",32.0,0.0,55
13460,dots,A18WKVB9OP0FAR,history,9,bvpj37io,nefepn5z,461,370,"[450, 452, 453, 455, 456, 457, 458, 459, 460]",57.0,1.0,55
13461,dots,A1FOPF17E45428,history,9,bvpj37io,e3zr3epz,462,371,"[452, 453, 455, 456, 457, 458, 459, 460, 461]",67.0,0.0,55
13462,dots,A58QOLDFC179Q,history,9,bvpj37io,msxmpmgb,463,372,"[453, 455, 456, 457, 458, 459, 460, 461, 462]",32.0,0.0,55
13463,dots,A1XIL0Q9W5JE4Q,history,9,bvpj37io,7vldewvg,464,373,"[455, 456, 457, 458, 459, 460, 461, 462, 463]",67.0,0.0,55
13464,dots,A2J7XOAS72YN0,history,9,bvpj37io,37i0wk3q,465,374,"[456, 457, 458, 459, 460, 461, 462, 463, 464]",30.0,0.0,55
13465,dots,A2COBVXJB4QPRV,history,9,bvpj37io,65wvpwki,466,375,"[457, 458, 459, 460, 461, 462, 463, 464, 465]",55.0,1.0,55
13466,dots,A3AA1L892OJ81M,history,9,bvpj37io,5frbaoq6,467,376,"[458, 459, 460, 461, 462, 463, 464, 465, 466]",50.0,1.0,55
13467,dots,AC9I2YTG2UY9O,history,9,bvpj37io,u4wqokdp,468,377,"[459, 460, 461, 462, 463, 464, 465, 466, 467]",555555.0,0.0,55
13468,dots,A102DSKQ1WQ8V,history,9,bvpj37io,d2n7cpck,469,378,"[460, 461, 462, 463, 464, 465, 466, 467, 468]",39.0,0.0,55
13470,dots,A1AQ8ON8X7BYFH,history,9,bvpj37io,cx2p6mb3,471,379,"[461, 462, 463, 464, 465, 466, 467, 468, 469]",56.0,1.0,55
13471,dots,A5KVTBI8FA961,history,9,bvpj37io,6ywv51xc,472,380,"[462, 463, 464, 465, 466, 467, 468, 469, 471]",71.0,0.0,55
13472,dots,A3KIZLHCD945UK,history,9,bvpj37io,ixupv6wv,473,381,"[463, 464, 465, 466, 467, 468, 469, 471, 472]",63.0,0.0,55
13473,dots,AS1KP4SMNONQC,history,9,bvpj37io,21a6ri9z,474,382,"[464, 465, 466, 467, 468, 469, 471, 472, 473]",300.0,0.0,55
13474,dots,A3UPAXLDS67HKJ,history,9,bvpj37io,ltejezom,475,383,"[465, 466, 467, 468, 469, 471, 472, 473, 474]",51.0,1.0,55
13475,dots,A3IZUZE1S8GO5O,history,9,bvpj37io,w2np93u4,476,384,"[466, 467, 468, 469, 471, 472, 473, 474, 475]",60.0,1.0,55
13476,dots,AFOSHFLRNELUY,history,9,bvpj37io,t3oc21ja,477,385,"[467, 468, 469, 471, 472, 473, 474, 475, 476]",56.0,1.0,55
13477,dots,A3QJDP116O759Z,history,9,bvpj37io,6yykr4k6,478,386,"[468, 469, 471, 472, 473, 474, 475, 476, 477]",71.0,0.0,55
13478,dots,ATXUM0GBU5MC8,history,9,bvpj37io,7z90ch4m,479,387,"[469, 471, 472, 473, 474, 475, 476, 477, 478]",70.0,0.0,55
13480,dots,A7O53TWN8S8Q4,history,9,bvpj37io,hcysndud,481,388,"[471, 472, 473, 474, 475, 476, 477, 478, 479]",60.0,1.0,55
13482,dots,AGAB32VM22YKW,history,9,bvpj37io,wuublrio,483,389,"[472, 473, 474, 475, 476, 477, 478, 479, 481]",55.0,1.0,55
13483,dots,AJV1P6Y3RQCOQ,history,9,bvpj37io,z7o3nwye,484,390,"[473, 474, 475, 476, 477, 478, 479, 481, 483]",63.0,0.0,55
13484,dots,A38RT2WG47RMJU,history,9,bvpj37io,r1qmt1sv,485,391,"[474, 475, 476, 477, 478, 479, 481, 483, 484]",125.0,0.0,55
13485,dots,AUFEIF3EGRO2C,history,9,bvpj37io,6fms7ovk,486,392,"[475, 476, 477, 478, 479, 481, 483, 484, 485]",53.0,1.0,55
13486,dots,A1RDV4Z3NZWSZ6,history,9,bvpj37io,wh3r62p4,487,393,"[476, 477, 478, 479, 481, 483, 484, 485, 486]",35.0,0.0,55
13487,dots,A1H49TFSMTCUGQ,history,9,bvpj37io,s5ax9ct1,488,394,"[477, 478, 479, 481, 483, 484, 485, 486, 487]",62.0,0.0,55
13488,dots,AX97Z7MIKPPIS,history,9,bvpj37io,324kpezx,489,395,"[478, 479, 481, 483, 484, 485, 486, 487, 488]",82.0,0.0,55
13489,dots,A3A4ZU8D2RP6XK,history,9,bvpj37io,lu1gr7y0,490,396,"[479, 481, 483, 484, 485, 486, 487, 488, 489]",52.0,1.0,55
13491,dots,A30NN3GA7VMMBE,history,9,bvpj37io,21gys8fq,492,397,"[481, 483, 484, 485, 486, 487, 488, 489, 490]",56.0,1.0,55
13492,dots,A2CS7QE668JPAB,history,9,bvpj37io,agbe74p4,493,398,"[483, 484, 485, 486, 487, 488, 489, 490, 492]",65.0,0.0,55
13494,dots,A31MU6LZ7ZKJD7,history,9,bvpj37io,sskha4uy,495,399,"[484, 485, 486, 487, 488, 489, 490, 492, 493]",56.0,1.0,55
13497,dots,A1R09GS9W47R5B,history,9,bvpj37io,qc80j3xr,498,400,"[485, 486, 487, 488, 489, 490, 492, 493, 495]",30.0,0.0,55
13498,dots,A2Q4IFGBHJBV6F,history,9,bvpj37io,xn8efa59,499,401,"[486, 487, 488, 489, 490, 492, 493, 495, 498]",6565.0,0.0,55
13499,dots,A16PLYF8XISLFX,history,9,bvpj37io,lz7owurl,500,402,"[487, 488, 489, 490, 492, 493, 495, 498, 499]",36.0,0.0,55
13500,dots,A1R3C8N6L17IF2,history,9,bvpj37io,q7mblw5s,501,403,"[488, 489, 490, 492, 493, 495, 498, 499, 500]",89.0,0.0,55
13501,dots,A1YVRMKFD4SI6H,history,9,bvpj37io,9nntigp5,502,404,"[489, 490, 492, 493, 495, 498, 499, 500, 501]",49.0,0.0,55
13502,dots,A25SORYWGW7RQC,history,9,bvpj37io,feet16gp,503,405,"[490, 492, 493, 495, 498, 499, 500, 501, 502]",45.0,0.0,55
13503,dots,A2NHWK104TF48Q,history,9,bvpj37io,7s0r80e6,504,406,"[492, 493, 495, 498, 499, 500, 501, 502, 503]",55.0,1.0,55
13504,dots,A1SGEZCI0RZKH8,history,9,bvpj37io,sz4hwqv6,505,407,"[493, 495, 498, 499, 500, 501, 502, 503, 504]",50.0,1.0,55
13505,dots,A3QEC8YFR7OFJN,history,9,bvpj37io,kgyik4r3,506,408,"[495, 498, 499, 500, 501, 502, 503, 504, 505]",56.0,1.0,55
13506,dots,AUE279FEB9M2C,history,9,bvpj37io,iq5t7ksp,507,409,"[498, 499, 500, 501, 502, 503, 504, 505, 506]",60.0,1.0,55
13507,dots,A11X0F6C5C2K3Q,history,9,bvpj37io,o8ha1crc,508,410,"[499, 500, 501, 502, 503, 504, 505, 506, 507]",98.0,0.0,55
13508,dots,A1TMOOD1D2I5DJ,history,9,bvpj37io,9lrp4v8s,509,411,"[500, 501, 502, 503, 504, 505, 506, 507, 508]",81.0,0.0,55
13509,dots,AUT9RW2VFXMDX,history,9,bvpj37io,e22rzlr8,510,412,"[501, 502, 503, 504, 505, 506, 507, 508, 509]",100.0,0.0,55
13510,dots,A1BE4NX6P4IY7N,history,9,bvpj37io,lmbqv9sw,511,413,"[502, 503, 504, 505, 506, 507, 508, 509, 510]",55.0,1.0,55
13511,dots,A14IPKOBOPID9H,history,9,bvpj37io,40cf58pb,512,414,"[503, 504, 505, 506, 507, 508, 509, 510, 511]",54.0,1.0,55
13512,dots,A7YQOBGDXPAT3,history,9,bvpj37io,4inhhzbb,513,415,"[504, 505, 506, 507, 508, 509, 510, 511, 512]",56.0,1.0,55
13513,dots,A2ZHSCEKPMUX9Y,history,9,bvpj37io,5lnfbohi,514,416,"[505, 506, 507, 508, 509, 510, 511, 512, 513]",56.0,1.0,55
13514,dots,A3HVYNYDAC7R4L,history,9,bvpj37io,wscqrbw6,515,417,"[506, 507, 508, 509, 510, 511, 512, 513, 514]",57.0,1.0,55
13516,dots,AFSI52FWXKPNJ,history,9,bvpj37io,h4tetphn,517,418,"[507, 508, 509, 510, 511, 512, 513, 514, 515]",48.0,0.0,55
13517,dots,A1BYUDFQPW099F,history,9,bvpj37io,kg8l7sfl,518,419,"[508, 509, 510, 511, 512, 513, 514, 515, 517]",144.0,0.0,55
13518,dots,A2W434UNNBRS4L,history,9,bvpj37io,ockdtgl7,519,420,"[509, 510, 511, 512, 513, 514, 515, 517, 518]",35.0,0.0,55
13519,dots,A3PLJF78SGCOBY,history,9,bvpj37io,tlcnkea2,520,421,"[510, 511, 512, 513, 514, 515, 517, 518, 519]",50.0,1.0,55
13520,dots,A2NZY0KB86XJ2P,history,9,bvpj37io,3ocq4jq8,521,422,"[511, 512, 513, 514, 515, 517, 518, 519, 520]",100.0,0.0,55
13521,dots,A2TTL934XMNV5H,history,9,bvpj37io,npipwa3u,522,423,"[512, 513, 514, 515, 517, 518, 519, 520, 521]",100.0,0.0,55
13522,dots,A1VZC1BQ4L2KC2,history,9,bvpj37io,bm35aui3,523,424,"[513, 514, 515, 517, 518, 519, 520, 521, 522]",57.0,1.0,55
13523,dots,A39UADCDEOPRWA,history,9,bvpj37io,shbu6hqw,524,425,"[514, 515, 517, 518, 519, 520, 521, 522, 523]",65.0,0.0,55
13524,dots,A3W58E33JDH9OF,history,9,bvpj37io,t4ze5hc6,525,426,"[515, 517, 518, 519, 520, 521, 522, 523, 524]",63.0,0.0,55
13525,dots,A1O2W2TN5POAOF,history,9,bvpj37io,6zobhik2,526,427,"[517, 518, 519, 520, 521, 522, 523, 524, 525]",55.0,1.0,55
13526,dots,A32F070MKM1ICD,history,9,bvpj37io,xdniydax,527,428,"[518, 519, 520, 521, 522, 523, 524, 525, 526]",63.0,0.0,55
13529,dots,A2LC80PBK7V4CU,history,9,bvpj37io,lvl7zxwb,530,429,"[519, 520, 521, 522, 523, 524, 525, 526, 527]",64.0,0.0,55
13530,dots,A2HG8PHZJXBHBU,history,9,bvpj37io,yhvty8is,531,430,"[520, 521, 522, 523, 524, 525, 526, 527, 530]",52.0,1.0,55
13531,dots,A29AM0LWS1UMNK,history,9,bvpj37io,ehcsz8lq,532,431,"[521, 522, 523, 524, 525, 526, 527, 530, 531]",57.0,1.0,55
13532,dots,A3JTAQ2N5WWH6I,history,9,bvpj37io,88hd3013,533,432,"[522, 523, 524, 525, 526, 527, 530, 531, 532]",60.0,1.0,55
13534,dots,ALDWVFR4I0V2D,history,9,bvpj37io,xnpm7i1u,535,433,"[523, 524, 525, 526, 527, 530, 531, 532, 533]",56.0,1.0,55
13535,dots,A3MBPV2HD80G1E,history,9,bvpj37io,tvs674ar,536,434,"[524, 525, 526, 527, 530, 531, 532, 533, 535]",55.0,1.0,55
13536,dots,A1WR7N7SIYSRHQ,history,9,bvpj37io,twkbbend,537,435,"[525, 526, 527, 530, 531, 532, 533, 535, 536]",64.0,0.0,55
13538,dots,A249IGDW8Z6D7I,history,9,bvpj37io,mixgcgcl,539,436,"[526, 527, 530, 531, 532, 533, 535, 536, 537]",80.0,0.0,55
13539,dots,A3JZLYQ606HJJR,history,9,bvpj37io,y2vsal87,540,437,"[527, 530, 531, 532, 533, 535, 536, 537, 539]",74.0,0.0,55
13540,dots,A24BZS4WJ1WBEA,history,9,bvpj37io,9vwc8tce,541,438,"[530, 531, 532, 533, 535, 536, 537, 539, 540]",62.0,0.0,55
13541,dots,AOZ5HHRV4LTJF,history,9,bvpj37io,xipx57u9,542,439,"[531, 532, 533, 535, 536, 537, 539, 540, 541]",45.0,0.0,55
13542,dots,A2NQWLKPJDL88C,history,9,bvpj37io,17ip0unc,543,440,"[532, 533, 535, 536, 537, 539, 540, 541, 542]",64.0,0.0,55
13543,dots,A24NKUCAX1LURL,history,9,bvpj37io,joqwr1kf,544,441,"[533, 535, 536, 537, 539, 540, 541, 542, 543]",76.0,0.0,55
13544,dots,A26UJELT0E2A4E,history,9,bvpj37io,nwm0oczt,545,442,"[535, 536, 537, 539, 540, 541, 542, 543, 544]",35.0,0.0,55
13545,dots,AMHSZPFIQZKCP,history,9,bvpj37io,bfjyhm0t,546,443,"[536, 537, 539, 540, 541, 542, 543, 544, 545]",53.0,1.0,55
13546,dots,A2NVF9TSRNORVL,history,9,bvpj37io,y6jhcwxx,547,444,"[537, 539, 540, 541, 542, 543, 544, 545, 546]",50.0,1.0,55
13547,dots,A10Z4QVBJIA914,history,9,bvpj37io,zmmh456m,548,445,"[539, 540, 541, 542, 543, 544, 545, 546, 547]",22.0,0.0,55
13549,dots,A2GXWVX0HMYSYK,history,9,bvpj37io,fqxwafw4,550,446,"[540, 541, 542, 543, 544, 545, 546, 547, 548]",64.0,0.0,55
13550,dots,A8CM4LRIVOSK1,history,9,bvpj37io,y1trpo1g,551,447,"[541, 542, 543, 544, 545, 546, 547, 548, 550]",58.0,1.0,55
13551,dots,APG6CXGVDL0G5,history,9,bvpj37io,2xpy5rh0,552,448,"[542, 543, 544, 545, 546, 547, 548, 550, 551]",50.0,1.0,55
13553,dots,A1E7PPHNYPGL7D,history,9,bvpj37io,kpvbxpky,554,449,"[543, 544, 545, 546, 547, 548, 550, 551, 552]",68.0,0.0,55
13554,dots,A3BNEHTXMZB3VN,history,9,bvpj37io,ss3hx1xo,555,450,"[544, 545, 546, 547, 548, 550, 551, 552, 554]",50.0,1.0,55
13556,dots,A1GTFOKBXYQIO8,history,9,bvpj37io,olsmfjz8,557,451,"[545, 546, 547, 548, 550, 551, 552, 554, 555]",60.0,1.0,55
13557,dots,A1P5A9KCO7WQZE,history,9,bvpj37io,epwn36tt,558,452,"[546, 547, 548, 550, 551, 552, 554, 555, 557]",57.0,1.0,55
13558,dots,A2J237J8KM3OCS,history,9,bvpj37io,bafdx4g4,559,453,"[547, 548, 550, 551, 552, 554, 555, 557, 558]",62.0,0.0,55
13559,dots,A13XJJRSUUBBV9,history,9,bvpj37io,jtggiu8r,560,454,"[548, 550, 551, 552, 554, 555, 557, 558, 559]",63.0,0.0,55
13560,dots,A2GC7CMUDIGMNE,history,9,bvpj37io,mpuqdfss,561,455,"[550, 551, 552, 554, 555, 557, 558, 559, 560]",52.0,1.0,55
13561,dots,A2I8YALVTOJN49,history,9,bvpj37io,m4g3i76i,562,456,"[551, 552, 554, 555, 557, 558, 559, 560, 561]",57.0,1.0,55
13562,dots,A2855JIJCMUGO3,history,9,bvpj37io,idy03tuo,563,457,"[552, 554, 555, 557, 558, 559, 560, 561, 562]",62.0,0.0,55
13563,dots,A22CWM8NMS2HDD,history,9,bvpj37io,94819vif,564,458,"[554, 555, 557, 558, 559, 560, 561, 562, 563]",55.0,1.0,55
13564,dots,A22DDO8NILSX6O,history,9,bvpj37io,i6of9ouk,565,459,"[555, 557, 558, 559, 560, 561, 562, 563, 564]",61.0,0.0,55
13565,dots,AUA9Q5CQ1IP31,history,9,bvpj37io,s3bdecdi,566,460,"[557, 558, 559, 560, 561, 562, 563, 564, 565]",55.0,1.0,55
13566,dots,A26W67Y40D5CY9,history,9,bvpj37io,xk9yjray,567,461,"[558, 559, 560, 561, 562, 563, 564, 565, 566]",55.0,1.0,55
13568,dots,A3GJHA7DBMJHO5,history,9,bvpj37io,6y4ahy51,569,462,"[559, 560, 561, 562, 563, 564, 565, 566, 567]",55.0,1.0,55
13570,dots,A2I0PRN7JKYRHQ,history,9,bvpj37io,h1lv4o8v,571,463,"[560, 561, 562, 563, 564, 565, 566, 567, 569]",53.0,1.0,55
13571,dots,A3KNHT45R16NM8,history,9,bvpj37io,xthro5gx,572,464,"[561, 562, 563, 564, 565, 566, 567, 569, 571]",54.0,1.0,55
13572,dots,A2XALDG2EOF7G3,history,9,bvpj37io,k0a3slss,573,465,"[562, 563, 564, 565, 566, 567, 569, 571, 572]",57.0,1.0,55
13573,dots,A84AEHMPCHNL1,history,9,bvpj37io,th0a91nf,574,466,"[563, 564, 565, 566, 567, 569, 571, 572, 573]",54.0,1.0,55
13574,dots,AAC7V5WYRYGVJ,history,9,bvpj37io,3yyue2bf,575,467,"[564, 565, 566, 567, 569, 571, 572, 573, 574]",56.0,1.0,55
13577,dots,A1O80Q1PXPMJ11,history,9,bvpj37io,wiajslcv,578,468,"[565, 566, 567, 569, 571, 572, 573, 574, 575]",50.0,1.0,55
13576,dots,A297Y9KG82D6X5,history,9,bvpj37io,4ijctofn,577,469,"[566, 567, 569, 571, 572, 573, 574, 575, 578]",62.0,0.0,55
13578,dots,A8TVPUSFP3IHZ,history,9,bvpj37io,9crr4xro,579,470,"[567, 569, 571, 572, 573, 574, 575, 578, 577]",45.0,0.0,55
13579,dots,A20C7ZLLE41JUO,history,9,bvpj37io,0y69yvij,580,471,"[569, 571, 572, 573, 574, 575, 578, 577, 579]",60.0,1.0,55
13580,dots,A2VYZ5AWTLAL0T,history,9,bvpj37io,872bgye6,581,472,"[571, 572, 573, 574, 575, 578, 577, 579, 580]",59.0,1.0,55
13581,dots,A3F0IB24N4G54T,history,9,bvpj37io,ab9vzxw6,582,473,"[572, 573, 574, 575, 578, 577, 579, 580, 581]",45.0,0.0,55
13582,dots,A21RPE98LFV13U,history,9,bvpj37io,gjdnegrn,583,474,"[573, 574, 575, 578, 577, 579, 580, 581, 582]",50.0,1.0,55
13583,dots,APR6H3HAOE9OU,history,9,bvpj37io,nf6vfpjh,584,475,"[574, 575, 578, 577, 579, 580, 581, 582, 583]",56.0,1.0,55
13585,dots,A27RAUUONPMS29,history,9,bvpj37io,p12fee6g,586,476,"[575, 578, 577, 579, 580, 581, 582, 583, 584]",60.0,1.0,55
